v -0.800781 0.890625 -0.766046
v -0.800781 0.882392 -0.757812
v -0.790888 0.890068 -0.754680
v -0.800781 0.898858 -0.757813
v -0.810675 0.891182 -0.754680
v 0.773438 0.648017 -0.699219
v 0.772280 0.654244 -0.709699
v 0.781689 0.656269 -0.699951
v 0.766510 0.676120 -0.703594
v 0.773283 0.685043 -0.708153
v 0.780395 0.677281 -0.703495
v 0.773438 0.621484 -0.698828
v 0.769922 0.625000 -0.691797
v 0.780469 0.625000 -0.695312
v 0.773438 0.632031 -0.695312
v 0.765892 0.658821 -0.694086
v 0.775868 0.669259 -0.694141
v 0.773438 0.679688 -0.696094
v 0.773437 0.660156 -0.687079
v -0.879644 0.909936 -0.669164
v -0.883730 0.914396 -0.669509
v -0.890625 0.907031 -0.656250
v -0.893803 0.922017 -0.661241
v -0.882812 0.921875 -0.663281
v -0.874178 0.914558 -0.656250
v -0.861832 0.922029 -0.661278
v -0.765625 0.921875 -0.663281
v -0.770980 0.916847 -0.656096
v -0.734375 0.914844 -0.656250
v -0.728388 0.922432 -0.659383
v -0.893394 0.929440 -0.654608
v -0.867187 0.928906 -0.656250
v -0.765625 0.928906 -0.656250
v -0.734375 0.928906 -0.656250
v -0.896745 0.914094 -0.653802
v -0.879281 0.911047 -0.643319
v -0.899618 0.917639 -0.645453
v -0.905469 0.921875 -0.648437
v -0.890625 0.921875 -0.649219
v -0.882813 0.921875 -0.649219
v -0.867188 0.921875 -0.649219
v -0.765625 0.921875 -0.649219
v -0.734375 0.921875 -0.649219
v -0.882812 0.914062 -0.641406
v -0.637550 0.843922 -0.594783
v -0.624480 0.844894 -0.585376
v -0.645836 0.854912 -0.588022
v -0.619285 0.851944 -0.593575
v -0.602710 0.849308 -0.591616
v -0.579799 0.851004 -0.592829
v -0.576492 0.846004 -0.586121
v -0.538540 0.846358 -0.590032
v -0.530954 0.852118 -0.579051
v -0.523828 0.846094 -0.589453
v -0.531613 0.857312 -0.585397
v -0.488452 0.849585 -0.589893
v -0.492187 0.844531 -0.585937
v -0.631439 0.855523 -0.590787
v -0.600945 0.859092 -0.586020
v -0.586481 0.858999 -0.585872
v -0.548828 0.856781 -0.590122
v -0.522661 0.864295 -0.589527
v -0.509681 0.855941 -0.590820
v -0.500000 0.852344 -0.585938
v -0.492969 0.859375 -0.585937
v -0.593577 0.864504 -0.589395
v -0.551370 0.862433 -0.586906
v -0.538146 0.865402 -0.588134
v -0.499404 0.862235 -0.591420
v -0.320312 0.864656 -0.592125
v -0.313281 0.866824 -0.580850
v -0.320312 0.874219 -0.585938
v -0.686873 0.841946 -0.585078
v -0.679813 0.843844 -0.570873
v -0.671875 0.843750 -0.585156
v -0.677230 0.838722 -0.577971
v -0.648437 0.843750 -0.585156
v -0.653187 0.836581 -0.577161
v -0.636328 0.836719 -0.587109
v -0.617188 0.844531 -0.585938
v -0.687500 0.850781 -0.578125
v -0.666870 0.850714 -0.578531
v -0.638327 0.849732 -0.573634
v -0.624219 0.851562 -0.578125
v -0.609375 0.851562 -0.585156
v -0.609375 0.844531 -0.578125
v -0.596307 0.844673 -0.584943
v -0.585464 0.846056 -0.577346
v -0.570312 0.844531 -0.578125
v -0.553858 0.849684 -0.584413
v -0.539063 0.844531 -0.578125
v -0.522975 0.851489 -0.578588
v -0.516374 0.845114 -0.581443
v -0.637978 0.859799 -0.584603
v -0.616026 0.858910 -0.583826
v -0.605477 0.858920 -0.579271
v -0.577149 0.858182 -0.585409
v -0.546042 0.852362 -0.576066
v -0.539062 0.858594 -0.578125
v -0.515277 0.859348 -0.585478
v -0.508170 0.852155 -0.578284
v -0.493575 0.852527 -0.578013
v -0.492553 0.859328 -0.577635
v -0.485536 0.852027 -0.576014
v -0.482278 0.858994 -0.585763
v -0.351563 0.852344 -0.578125
v -0.331223 0.858210 -0.584948
v -0.328125 0.852344 -0.578125
v -0.570312 0.866406 -0.578125
v -0.561724 0.861119 -0.585078
v -0.531250 0.866406 -0.578125
v -0.515154 0.866783 -0.579537
v -0.493363 0.866248 -0.570352
v -0.485923 0.866829 -0.574887
v -0.375000 0.860156 -0.578125
v -0.377097 0.867569 -0.585763
v -0.364393 0.864086 -0.577657
v -0.359375 0.867187 -0.585156
v -0.351562 0.859375 -0.585156
v -0.342418 0.871258 -0.582862
v -0.335656 0.866553 -0.577888
v -0.359375 0.874219 -0.578125
v -0.326368 0.869693 -0.586846
v -0.320312 0.874219 -0.578125
v -0.734375 0.843750 -0.577344
v -0.740362 0.840617 -0.569756
v -0.726563 0.836719 -0.570313
v -0.695313 0.843750 -0.577344
v -0.688507 0.836626 -0.570796
v -0.671875 0.843750 -0.571094
v -0.640625 0.836719 -0.562500
v -0.626302 0.836719 -0.569010
v -0.614139 0.834813 -0.573742
v -0.765625 0.851562 -0.578764
v -0.773347 0.843239 -0.566153
v -0.731952 0.850702 -0.570615
v -0.701687 0.850781 -0.569691
v -0.687500 0.850781 -0.570312
v -0.648438 0.850781 -0.570312
v -0.633487 0.848999 -0.566103
v -0.609285 0.850495 -0.569694
v -0.601522 0.844433 -0.567983
v -0.593750 0.852112 -0.577776
v -0.594319 0.844502 -0.569194
v -0.578056 0.851692 -0.577992
v -0.570482 0.851817 -0.571016
v -0.559445 0.842925 -0.569285
v -0.521755 0.852206 -0.569850
v -0.757812 0.858594 -0.570313
v -0.626129 0.857403 -0.571668
v -0.595323 0.859000 -0.567827
v -0.585952 0.858675 -0.577922
v -0.570387 0.859122 -0.570403
v -0.554384 0.859648 -0.574491
v -0.539992 0.852671 -0.566396
v -0.531250 0.859375 -0.571094
v -0.523345 0.859199 -0.578218
v -0.507061 0.852360 -0.563740
v -0.515625 0.859375 -0.571094
v -0.493363 0.852502 -0.570273
v -0.476806 0.859319 -0.569580
v -0.468750 0.852344 -0.570312
v -0.468750 0.859375 -0.577344
v -0.460938 0.859375 -0.569531
v -0.451211 0.851831 -0.571403
v -0.449248 0.859109 -0.579293
v -0.426997 0.858582 -0.578103
v -0.421875 0.852344 -0.570312
v -0.414844 0.859375 -0.570312
v -0.379688 0.850781 -0.570486
v -0.346178 0.859575 -0.570110
v -0.328512 0.860293 -0.570081
v -0.585937 0.866406 -0.570313
v -0.577938 0.863412 -0.574564
v -0.546875 0.866406 -0.578125
v -0.468750 0.866406 -0.570312
v -0.450989 0.867569 -0.573227
v -0.436223 0.866525 -0.575988
v -0.421875 0.866406 -0.570312
v -0.397656 0.867188 -0.570313
v -0.384315 0.860558 -0.577724
v -0.382566 0.873237 -0.563197
v -0.366760 0.859413 -0.566791
v -0.335990 0.867145 -0.569774
v -0.320313 0.860156 -0.578125
v -0.312500 0.860156 -0.570312
v -0.370693 0.874406 -0.572858
v -0.351562 0.874678 -0.566406
v -0.336936 0.874009 -0.562634
v -0.335156 0.875000 -0.578125
v -0.320312 0.867969 -0.570312
v -0.328125 0.874219 -0.570312
v -0.305469 0.867187 -0.570312
v -0.322900 0.883375 -0.572303
v -0.734375 0.843750 -0.563281
v -0.718750 0.836719 -0.562500
v -0.695312 0.836719 -0.562500
v -0.678269 0.836191 -0.563218
v -0.651092 0.844174 -0.566321
v -0.609375 0.843750 -0.563281
v -0.812500 0.851562 -0.569531
v -0.812500 0.844531 -0.562500
v -0.784281 0.851562 -0.567281
v -0.790068 0.844299 -0.561108
v -0.781671 0.851562 -0.566406
v -0.759940 0.843102 -0.566533
v -0.749828 0.851563 -0.562963
v -0.742188 0.844531 -0.562500
v -0.741183 0.852286 -0.568407
v -0.703125 0.858594 -0.562500
v -0.688601 0.845533 -0.562435
v -0.679688 0.850781 -0.562500
v -0.617223 0.844067 -0.563028
v -0.609079 0.851539 -0.555612
v -0.585937 0.852344 -0.562500
v -0.577457 0.845094 -0.567583
v -0.570528 0.852238 -0.562493
v -0.562543 0.851794 -0.563187
v -0.790862 0.858878 -0.561080
v -0.773419 0.859814 -0.565674
v -0.625000 0.858594 -0.562500
v -0.601003 0.858590 -0.555062
v -0.555323 0.859745 -0.554581
v -0.551721 0.853058 -0.563045
v -0.553906 0.859375 -0.562500
v -0.531250 0.859375 -0.561719
v -0.523438 0.852344 -0.562500
v -0.515625 0.859375 -0.561719
v -0.492188 0.859375 -0.563281
v -0.479740 0.851441 -0.560543
v -0.468750 0.859375 -0.563281
v -0.459949 0.851652 -0.558391
v -0.445312 0.852344 -0.562500
v -0.437087 0.852344 -0.563386
v -0.424082 0.855818 -0.562862
v -0.377506 0.850950 -0.562385
v -0.389489 0.859747 -0.557225
v -0.587240 0.866406 -0.561198
v -0.563262 0.866327 -0.567735
v -0.539682 0.867470 -0.567452
v -0.522693 0.866406 -0.566406
v -0.506131 0.866562 -0.565039
v -0.500487 0.866273 -0.555457
v -0.480078 0.867356 -0.559896
v -0.452723 0.866712 -0.552475
v -0.437500 0.866406 -0.562500
v -0.422656 0.867188 -0.562500
v -0.397656 0.867188 -0.554687
v -0.375000 0.874219 -0.570313
v -0.375000 0.866406 -0.562500
v -0.335938 0.860156 -0.562500
v -0.328125 0.867188 -0.562500
v -0.320312 0.860156 -0.562500
v -0.311824 0.866679 -0.562354
v -0.442387 0.875286 -0.570242
v -0.390625 0.874219 -0.570313
v -0.367188 0.874219 -0.562500
v -0.725949 0.843698 -0.562512
v -0.726563 0.836719 -0.554687
v -0.711023 0.844069 -0.555252
v -0.687500 0.836719 -0.554687
v -0.687109 0.843880 -0.562109
v -0.660912 0.842883 -0.561985
v -0.668547 0.835851 -0.555266
v -0.649376 0.842796 -0.555268
v -0.634444 0.844049 -0.554556
v -0.781628 0.851548 -0.553985
v -0.773437 0.851562 -0.555469
v -0.751069 0.844669 -0.551740
v -0.742188 0.851562 -0.555469
v -0.733645 0.844486 -0.550444
v -0.726565 0.850755 -0.554698
v -0.715346 0.851221 -0.561182
v -0.726221 0.844228 -0.548089
v -0.703224 0.851442 -0.554826
v -0.670494 0.845406 -0.567225
v -0.663950 0.850932 -0.554545
v -0.647932 0.851527 -0.562123
v -0.617188 0.844531 -0.554688
v -0.601562 0.844531 -0.554688
v -0.586375 0.843909 -0.552314
v -0.818167 0.858918 -0.558938
v -0.751041 0.857518 -0.556722
v -0.740147 0.859072 -0.561919
v -0.714162 0.859116 -0.553793
v -0.695312 0.858594 -0.554688
v -0.655646 0.855747 -0.559433
v -0.642789 0.859125 -0.559492
v -0.632812 0.858594 -0.554688
v -0.617909 0.858465 -0.556301
v -0.562500 0.852344 -0.554688
v -0.531250 0.852344 -0.554688
v -0.515625 0.852344 -0.554688
v -0.507812 0.859375 -0.554688
v -0.500000 0.852344 -0.554688
v -0.492188 0.859375 -0.553906
v -0.476562 0.852344 -0.554688
v -0.468750 0.859375 -0.553906
v -0.452969 0.859375 -0.562500
v -0.453125 0.852344 -0.554688
v -0.437500 0.852344 -0.554688
v -0.375003 0.859982 -0.554931
v -0.562500 0.866406 -0.554688
v -0.531250 0.866406 -0.554688
v -0.515625 0.866406 -0.554688
v -0.476562 0.866406 -0.554688
v -0.459290 0.867039 -0.559320
v -0.445312 0.860156 -0.554688
v -0.437359 0.866532 -0.554937
v -0.414063 0.864656 -0.560875
v -0.421900 0.866969 -0.554120
v -0.407031 0.867188 -0.554688
v -0.382962 0.866061 -0.554681
v -0.367188 0.867188 -0.555469
v -0.356383 0.860045 -0.560007
v -0.351326 0.867211 -0.555469
v -0.343750 0.860156 -0.554688
v -0.328125 0.860156 -0.554688
v -0.312289 0.859560 -0.549498
v -0.445312 0.874219 -0.554688
v -0.429688 0.874678 -0.559570
v -0.374488 0.874796 -0.551791
v -0.358867 0.873905 -0.552578
v -0.343750 0.874219 -0.554688
v -0.327975 0.874305 -0.554696
v -0.319877 0.875460 -0.562536
v -0.703125 0.843750 -0.553906
v -0.703125 0.836719 -0.546875
v -0.694667 0.845060 -0.553272
v -0.687500 0.844531 -0.546875
v -0.671464 0.843908 -0.547790
v -0.656250 0.844531 -0.546875
v -0.826948 0.850077 -0.554588
v -0.812500 0.844531 -0.546875
v -0.781250 0.844531 -0.546875
v -0.757031 0.851562 -0.554688
v -0.742188 0.851562 -0.546094
v -0.726600 0.851345 -0.546381
v -0.717905 0.843850 -0.543568
v -0.710938 0.844531 -0.546875
v -0.695330 0.851572 -0.546977
v -0.679231 0.851408 -0.554372
v -0.680109 0.844477 -0.553449
v -0.664244 0.851545 -0.546219
v -0.648437 0.851562 -0.546875
v -0.640625 0.844531 -0.546875
v -0.632813 0.851563 -0.546875
v -0.625000 0.844531 -0.546875
v -0.625112 0.851170 -0.555125
v -0.609375 0.844531 -0.546875
v -0.599219 0.844922 -0.541797
v -0.574148 0.844531 -0.549006
v -0.566841 0.851884 -0.551287
v -0.812500 0.858594 -0.546875
v -0.781250 0.858594 -0.546875
v -0.752866 0.858686 -0.548345
v -0.734375 0.858594 -0.546875
v -0.703125 0.858594 -0.546875
v -0.689918 0.857782 -0.549923
v -0.673596 0.858760 -0.551102
v -0.656250 0.858594 -0.546875
v -0.640625 0.858594 -0.546875
v -0.625000 0.858594 -0.546875
v -0.609375 0.858594 -0.546875
v -0.602050 0.852481 -0.546461
v -0.551266 0.852195 -0.549747
v -0.541755 0.851525 -0.547070
v -0.539062 0.859375 -0.554687
v -0.531272 0.859264 -0.547374
v -0.523438 0.852344 -0.546875
v -0.523437 0.859375 -0.554688
v -0.507812 0.852344 -0.546875
v -0.489218 0.852106 -0.546557
v -0.468750 0.852344 -0.546875
v -0.446875 0.851953 -0.547266
v -0.430499 0.852771 -0.552830
v -0.421875 0.852344 -0.546875
v -0.383339 0.852519 -0.545383
v -0.375248 0.859996 -0.546974
v -0.593750 0.866406 -0.546875
v -0.570312 0.866406 -0.546875
v -0.554688 0.866406 -0.546875
v -0.540533 0.866832 -0.542342
v -0.522930 0.866057 -0.545736
v -0.492188 0.866406 -0.546875
v -0.468750 0.866406 -0.546875
v -0.442722 0.866981 -0.547747
v -0.420243 0.859504 -0.552553
v -0.406414 0.867152 -0.546031
v -0.398438 0.860156 -0.546875
v -0.391024 0.860165 -0.542969
v -0.382812 0.859375 -0.553906
v -0.367188 0.867188 -0.546094
v -0.362141 0.859603 -0.539823
v -0.351799 0.867211 -0.538281
v -0.343750 0.860156 -0.539063
v -0.335938 0.867187 -0.554688
v -0.335938 0.860156 -0.546875
v -0.306798 0.868896 -0.551053
v -0.421875 0.874219 -0.546875
v -0.393500 0.874595 -0.550520
v -0.328291 0.869081 -0.534091
v -0.312695 0.874671 -0.544882
v -0.320312 0.882031 -0.539062
v -0.264296 0.882937 -0.551833
v -0.812500 0.851562 -0.539844
v -0.779297 0.851981 -0.537891
v -0.769531 0.844531 -0.539062
v -0.726562 0.844531 -0.539062
v -0.701311 0.844251 -0.539260
v -0.687500 0.844531 -0.539062
v -0.663871 0.842112 -0.536939
v -0.648438 0.844531 -0.539062
v -0.632812 0.844531 -0.539062
v -0.617188 0.844531 -0.539062
v -0.617188 0.851563 -0.546875
v -0.570743 0.851581 -0.539619
v -0.529948 0.844531 -0.537760
v -0.531075 0.852748 -0.545694
v -0.771484 0.858594 -0.539062
v -0.743529 0.858849 -0.537338
v -0.722626 0.858653 -0.540076
v -0.687500 0.858594 -0.539062
v -0.664063 0.858594 -0.539063
v -0.648438 0.858594 -0.539062
v -0.632812 0.858594 -0.539062
v -0.617188 0.858594 -0.539062
v -0.596172 0.858899 -0.538656
v -0.578846 0.857705 -0.538141
v -0.560512 0.852469 -0.537861
v -0.569780 0.859545 -0.539546
v -0.562569 0.859326 -0.546834
v -0.546303 0.867271 -0.549378
v -0.547595 0.858317 -0.535516
v -0.515368 0.858162 -0.532151
v -0.515295 0.859446 -0.545953
v -0.500000 0.859375 -0.546875
v -0.492188 0.859375 -0.539844
v -0.476563 0.859375 -0.546875
v -0.468750 0.859375 -0.539844
v -0.460293 0.851893 -0.533137
v -0.460938 0.859375 -0.546875
v -0.453125 0.852344 -0.539062
v -0.442888 0.852613 -0.533944
v -0.429529 0.859479 -0.546899
v -0.413200 0.851706 -0.536862
v -0.560753 0.866789 -0.538249
v -0.507813 0.866406 -0.546875
v -0.483263 0.866521 -0.541296
v -0.476751 0.865967 -0.533723
v -0.453125 0.866406 -0.539062
v -0.437500 0.866406 -0.539062
v -0.421875 0.860156 -0.539062
v -0.414933 0.875674 -0.549313
v -0.406410 0.860060 -0.539079
v -0.398333 0.867091 -0.539058
v -0.382806 0.866313 -0.546969
v -0.375055 0.866966 -0.539671
v -0.319777 0.860049 -0.541952
v -0.328261 0.867318 -0.547656
v -0.312761 0.867698 -0.538444
v -0.300541 0.863942 -0.537260
v -0.406250 0.874219 -0.539062
v -0.385513 0.875090 -0.537760
v -0.364890 0.874793 -0.539580
v -0.339148 0.875573 -0.543317
v -0.304688 0.874219 -0.539062
v -0.258477 0.871559 -0.544703
v -0.265306 0.876761 -0.544932
v -0.272656 0.882812 -0.546875
v -0.761719 0.846034 -0.527344
v -0.742792 0.844334 -0.537980
v -0.742188 0.851562 -0.532031
v -0.698841 0.844531 -0.529234
v -0.688932 0.850884 -0.529469
v -0.656250 0.851563 -0.539062
v -0.656439 0.844412 -0.531289
v -0.640625 0.844531 -0.531250
v -0.640625 0.851563 -0.539063
v -0.625000 0.844531 -0.531250
v -0.625000 0.851563 -0.539063
v -0.609146 0.844056 -0.528259
v -0.609375 0.851563 -0.539062
v -0.597577 0.843893 -0.532685
v -0.578618 0.844950 -0.536900
v -0.585613 0.852468 -0.538753
v -0.570394 0.851444 -0.530544
v -0.562500 0.844531 -0.531250
v -0.553125 0.844531 -0.532813
v -0.523495 0.851920 -0.538579
v -0.512869 0.852378 -0.538129
v -0.757812 0.858594 -0.531250
v -0.698945 0.859690 -0.531820
v -0.677734 0.858594 -0.531250
v -0.656250 0.858594 -0.531250
v -0.640625 0.858594 -0.531250
v -0.625000 0.858594 -0.531250
v -0.606950 0.859002 -0.530469
v -0.562500 0.858594 -0.531250
v -0.552891 0.857591 -0.525352
v -0.500701 0.852305 -0.537617
v -0.492188 0.859375 -0.530469
v -0.490380 0.852566 -0.524021
v -0.477824 0.851597 -0.535060
v -0.468750 0.859375 -0.530469
v -0.445312 0.859375 -0.539062
v -0.429688 0.852344 -0.539063
v -0.437500 0.852344 -0.531250
v -0.421875 0.852344 -0.531250
v -0.398437 0.859375 -0.538281
v -0.402640 0.855024 -0.533302
v -0.528543 0.866872 -0.533087
v -0.501453 0.866553 -0.536140
v -0.459607 0.867134 -0.534902
v -0.441042 0.865944 -0.529868
v -0.429688 0.860156 -0.531250
v -0.427450 0.865512 -0.543072
v -0.421875 0.866406 -0.531250
v -0.421875 0.874219 -0.539062
v -0.414063 0.866406 -0.539063
v -0.405695 0.865013 -0.529812
v -0.390625 0.860156 -0.531250
v -0.374706 0.860409 -0.537809
v -0.359259 0.860301 -0.523458
v -0.348452 0.861210 -0.529087
v -0.343750 0.867187 -0.531250
v -0.335937 0.860156 -0.531250
v -0.304687 0.867187 -0.532031
v -0.414063 0.874219 -0.531250
v -0.398437 0.874219 -0.531250
v -0.351562 0.874219 -0.531250
v -0.320313 0.874219 -0.531250
v -0.257812 0.867969 -0.531250
v -0.249113 0.872193 -0.536562
v -0.264844 0.882812 -0.531250
v -0.259375 0.889844 -0.540625
v -0.250370 0.886102 -0.536595
v -0.662158 0.837560 -0.521849
v -0.778364 0.848406 -0.526690
v -0.764844 0.851562 -0.531250
v -0.758505 0.851533 -0.523712
v -0.750000 0.851562 -0.524219
v -0.708984 0.851981 -0.530078
v -0.675769 0.848521 -0.522696
v -0.648438 0.844531 -0.523438
v -0.648438 0.851563 -0.531250
v -0.632812 0.844531 -0.523438
v -0.632813 0.851563 -0.531250
v -0.617188 0.844531 -0.523438
v -0.617188 0.851563 -0.531250
v -0.594426 0.844539 -0.521488
v -0.560639 0.844860 -0.519858
v -0.531250 0.844531 -0.523437
v -0.768645 0.859865 -0.522413
v -0.659636 0.858550 -0.518551
v -0.648438 0.858594 -0.523438
v -0.632812 0.858594 -0.523438
v -0.602987 0.858201 -0.517246
v -0.593750 0.858594 -0.523438
v -0.570313 0.858594 -0.523438
v -0.507812 0.852344 -0.523438
v -0.476335 0.865989 -0.516985
v -0.468750 0.852344 -0.518229
v -0.460938 0.859375 -0.524219
v -0.451718 0.852259 -0.520543
v -0.453125 0.859375 -0.531250
v -0.431742 0.852127 -0.522816
v -0.386781 0.850714 -0.522010
v -0.378300 0.850661 -0.533183
v -0.552496 0.865592 -0.517676
v -0.538920 0.866834 -0.529573
v -0.508330 0.866607 -0.525233
v -0.484450 0.866761 -0.519570
v -0.450953 0.866877 -0.520471
v -0.437134 0.866626 -0.523584
v -0.407031 0.867188 -0.523438
v -0.398438 0.860156 -0.523438
v -0.405469 0.867187 -0.523438
v -0.382813 0.866406 -0.523438
v -0.383862 0.873271 -0.530285
v -0.375000 0.860156 -0.523437
v -0.367241 0.872508 -0.529830
v -0.351680 0.867194 -0.524013
v -0.320312 0.860156 -0.515625
v -0.473371 0.870684 -0.522890
v -0.429687 0.874219 -0.531250
v -0.421875 0.874219 -0.523438
v -0.391345 0.874283 -0.517082
v -0.358841 0.873570 -0.518072
v -0.342909 0.874297 -0.522168
v -0.335938 0.874219 -0.531250
v -0.320313 0.874219 -0.515625
v -0.262999 0.875669 -0.527640
v -0.271769 0.880424 -0.523637
v -0.249781 0.882699 -0.527154
v -0.242150 0.879986 -0.530795
v -0.247398 0.870471 -0.522314
v -0.233954 0.882812 -0.519531
v -0.264844 0.891591 -0.524714
v -0.241394 0.890603 -0.518315
v -0.257812 0.898858 -0.527344
v -0.678359 0.844571 -0.524516
v -0.682239 0.837516 -0.513480
v -0.780469 0.851562 -0.523437
v -0.765625 0.844531 -0.515625
v -0.750860 0.849759 -0.514998
v -0.686703 0.843768 -0.515053
v -0.683113 0.851408 -0.524853
v -0.664020 0.844005 -0.516230
v -0.656346 0.851544 -0.523496
v -0.640625 0.844531 -0.515625
v -0.640625 0.851562 -0.523437
v -0.625000 0.844531 -0.515625
v -0.625000 0.851563 -0.523438
v -0.614763 0.844801 -0.510506
v -0.601562 0.851562 -0.523438
v -0.570312 0.844531 -0.523438
v -0.579639 0.844537 -0.515925
v -0.537575 0.851013 -0.517463
v -0.530469 0.851562 -0.515625
v -0.523437 0.844531 -0.515625
v -0.514188 0.844116 -0.527100
v -0.757812 0.858594 -0.515625
v -0.683225 0.858807 -0.516232
v -0.667864 0.856188 -0.511798
v -0.640625 0.858594 -0.515625
v -0.625000 0.858594 -0.515625
v -0.616201 0.858290 -0.522321
v -0.583750 0.853320 -0.525898
v -0.570312 0.852344 -0.515625
v -0.546802 0.859307 -0.515728
v -0.531145 0.858314 -0.522837
v -0.508194 0.858781 -0.516503
v -0.500000 0.852344 -0.515625
v -0.486056 0.852188 -0.518164
v -0.476525 0.859593 -0.515131
v -0.460938 0.859375 -0.514844
v -0.429688 0.852344 -0.515625
v -0.421875 0.852344 -0.523438
v -0.381421 0.851742 -0.514461
v -0.375000 0.852344 -0.515625
v -0.367187 0.859380 -0.516369
v -0.365855 0.851727 -0.521768
v -0.578125 0.866406 -0.515625
v -0.540534 0.866058 -0.513137
v -0.498477 0.866835 -0.518360
v -0.468750 0.866406 -0.515625
v -0.429687 0.874219 -0.515625
v -0.393860 0.860073 -0.512593
v -0.382812 0.866406 -0.515625
v -0.367218 0.866947 -0.514850
v -0.351691 0.867164 -0.514819
v -0.343750 0.860156 -0.515625
v -0.306771 0.866871 -0.509115
v -0.414062 0.874219 -0.515625
v -0.374256 0.874219 -0.519531
v -0.335938 0.874219 -0.515625
v -0.250000 0.875000 -0.516406
v -0.264844 0.882813 -0.515625
v -0.257812 0.875781 -0.515625
v -0.249788 0.883524 -0.515353
v -0.242188 0.875781 -0.515625
v -0.257812 0.889844 -0.515625
v -0.766255 0.853661 -0.509643
v -0.757812 0.851562 -0.508594
v -0.730469 0.851562 -0.516046
v -0.730469 0.843329 -0.507812
v -0.741406 0.851562 -0.507812
v -0.719531 0.851562 -0.507812
v -0.710937 0.848047 -0.511328
v -0.717969 0.851562 -0.507812
v -0.703906 0.851562 -0.507812
v -0.701948 0.850077 -0.507713
v -0.671875 0.858594 -0.507813
v -0.671819 0.844252 -0.508203
v -0.679687 0.851563 -0.508594
v -0.664062 0.851562 -0.508594
v -0.657016 0.844248 -0.514720
v -0.648438 0.851562 -0.515625
v -0.648438 0.844531 -0.507812
v -0.632812 0.844531 -0.507812
v -0.632813 0.851563 -0.515625
v -0.617188 0.851563 -0.515625
v -0.602987 0.844924 -0.514004
v -0.591332 0.844159 -0.508594
v -0.578125 0.844531 -0.500000
v -0.570313 0.844531 -0.507812
v -0.554729 0.852303 -0.515748
v -0.554688 0.844531 -0.507812
v -0.546875 0.844531 -0.507812
v -0.730469 0.859796 -0.507813
v -0.710938 0.858594 -0.507812
v -0.695312 0.858594 -0.507812
v -0.656250 0.858594 -0.507812
v -0.648438 0.858594 -0.507812
v -0.632812 0.858594 -0.507812
v -0.617188 0.858594 -0.507812
v -0.609375 0.858594 -0.507812
v -0.593750 0.858594 -0.507812
v -0.590495 0.858377 -0.511068
v -0.587253 0.852726 -0.514458
v -0.577439 0.859006 -0.507507
v -0.530930 0.859280 -0.507222
v -0.523438 0.852344 -0.507812
v -0.515625 0.852344 -0.500000
v -0.476562 0.852344 -0.507812
v -0.460938 0.852344 -0.507812
v -0.445312 0.852344 -0.507812
v -0.437344 0.859375 -0.515625
v -0.442240 0.853046 -0.513255
v -0.390625 0.852344 -0.507812
v -0.375536 0.859385 -0.508206
v -0.568359 0.866406 -0.507812
v -0.539062 0.866406 -0.507812
v -0.523438 0.866406 -0.507812
v -0.516683 0.867213 -0.521036
v -0.492188 0.866406 -0.507813
v -0.476562 0.866406 -0.507812
v -0.460937 0.866406 -0.507813
v -0.445312 0.866406 -0.507812
v -0.437256 0.866553 -0.507788
v -0.421836 0.864947 -0.512200
v -0.414341 0.859914 -0.507956
v -0.406487 0.867211 -0.507031
v -0.390616 0.866362 -0.507768
v -0.366534 0.859965 -0.508081
v -0.375262 0.866941 -0.508493
v -0.351624 0.860057 -0.510397
v -0.359121 0.867215 -0.508597
v -0.336468 0.860470 -0.513726
v -0.328125 0.860156 -0.507812
v -0.328125 0.867187 -0.514844
v -0.320208 0.867284 -0.507808
v -0.312500 0.860156 -0.507812
v -0.109375 0.867187 -0.514844
v -0.093750 0.867187 -0.514844
v -0.085938 0.867188 -0.507031
v -0.429688 0.874219 -0.507812
v -0.414062 0.874219 -0.507812
v -0.382812 0.874219 -0.507812
v -0.351563 0.874219 -0.507813
v -0.343750 0.874219 -0.507812
v -0.328125 0.874219 -0.507812
v -0.312500 0.874219 -0.507812
v -0.250000 0.875000 -0.514844
v -0.250000 0.867969 -0.507813
v -0.257031 0.875000 -0.507812
v -0.109375 0.874219 -0.507812
v -0.265625 0.875781 -0.507812
v -0.272656 0.882812 -0.507812
v -0.257684 0.882789 -0.508619
v -0.242969 0.882812 -0.507812
v -0.265625 0.889844 -0.507812
v -0.250000 0.889844 -0.507812
v -0.734375 0.851562 -0.500781
v -0.726562 0.851562 -0.500781
v -0.710938 0.851562 -0.500781
v -0.687500 0.844531 -0.500000
v -0.679688 0.851562 -0.499219
v -0.671875 0.844531 -0.500000
v -0.664062 0.851562 -0.499219
v -0.656250 0.844531 -0.500000
v -0.640625 0.844531 -0.500000
v -0.640625 0.851563 -0.507813
v -0.625000 0.844531 -0.500000
v -0.625000 0.851563 -0.507812
v -0.609375 0.844531 -0.500000
v -0.601562 0.851563 -0.507813
v -0.601865 0.844317 -0.498727
v -0.585938 0.844531 -0.500000
v -0.570254 0.851581 -0.500096
v -0.562500 0.844531 -0.500000
v -0.539063 0.844531 -0.500000
v -0.543757 0.852576 -0.513389
v -0.687500 0.858594 -0.500000
v -0.671875 0.858594 -0.500000
v -0.656250 0.858594 -0.500000
v -0.640625 0.858594 -0.500000
v -0.625000 0.858594 -0.500000
v -0.609375 0.858594 -0.500000
v -0.601562 0.858594 -0.500000
v -0.578125 0.858594 -0.500000
v -0.570312 0.859375 -0.500781
v -0.562467 0.858804 -0.500234
v -0.546875 0.852344 -0.500000
v -0.539062 0.858594 -0.500000
v -0.531250 0.852344 -0.500000
v -0.523555 0.859382 -0.500576
v -0.507576 0.859351 -0.499219
v -0.500000 0.852344 -0.500000
v -0.492187 0.852344 -0.507812
v -0.484375 0.859375 -0.507812
v -0.468750 0.852344 -0.500000
v -0.468750 0.859375 -0.507813
v -0.453125 0.852344 -0.500000
v -0.445350 0.859593 -0.500494
v -0.429688 0.852344 -0.507813
v -0.437500 0.852344 -0.500000
v -0.421875 0.852344 -0.500000
v -0.390470 0.859325 -0.500699
v -0.382812 0.852344 -0.500000
v -0.375781 0.859375 -0.500000
v -0.117187 0.860156 -0.500000
v -0.109375 0.852344 -0.500000
v -0.093750 0.852344 -0.500000
v -0.078125 0.859375 -0.507031
v -0.078125 0.852344 -0.500000
v -0.062500 0.859375 -0.507031
v -0.062500 0.852344 -0.500000
v -0.054688 0.859375 -0.507031
v -0.054688 0.852344 -0.500000
v -0.548963 0.866555 -0.495152
v -0.531250 0.866406 -0.500000
v -0.515625 0.866406 -0.500000
v -0.500000 0.866406 -0.500000
v -0.484375 0.866406 -0.500000
v -0.468750 0.866406 -0.500000
v -0.453125 0.866406 -0.500000
v -0.437500 0.866406 -0.500000
v -0.429688 0.860156 -0.500000
v -0.414118 0.866966 -0.500608
v -0.404343 0.860045 -0.500273
v -0.390607 0.866932 -0.499552
v -0.359992 0.867167 -0.483821
v -0.335938 0.867188 -0.507813
v -0.335938 0.860156 -0.500000
v -0.328039 0.867320 -0.500794
v -0.320312 0.860156 -0.500000
v -0.124219 0.867188 -0.500000
v -0.093750 0.874219 -0.507812
v -0.093750 0.866406 -0.500000
v -0.078125 0.867188 -0.507031
v -0.062500 0.867188 -0.507031
v -0.069531 0.867188 -0.500000
v -0.047656 0.859375 -0.500000
v -0.421875 0.874219 -0.500000
v -0.406250 0.874219 -0.500000
v -0.399758 0.874094 -0.503969
v -0.335938 0.874219 -0.500000
v -0.327344 0.875000 -0.500000
v -0.320312 0.875000 -0.507031
v -0.312500 0.874219 -0.500000
v -0.242188 0.867969 -0.500000
v -0.242618 0.874974 -0.507219
v -0.234375 0.875000 -0.507031
v -0.234375 0.867969 -0.500000
v -0.227344 0.875000 -0.500000
v -0.117188 0.874219 -0.500000
v -0.101562 0.874219 -0.500000
v -0.085938 0.874219 -0.500000
v -0.078125 0.874219 -0.500000
v -0.062500 0.874219 -0.500000
v -0.328125 0.882812 -0.507031
v -0.335156 0.882812 -0.500000
v -0.320312 0.882031 -0.500000
v -0.265625 0.875781 -0.500000
v -0.272656 0.882812 -0.500000
v -0.258594 0.882812 -0.500000
v -0.250000 0.875781 -0.500000
v -0.257031 0.882812 -0.500000
v -0.234375 0.882812 -0.507031
v -0.227344 0.882812 -0.500000
v -0.328125 0.889844 -0.500000
v -0.265625 0.889844 -0.500000
v -0.250000 0.889844 -0.500000
v -0.242188 0.890625 -0.507031
v -0.242269 0.882758 -0.499922
v -0.234375 0.889844 -0.500000
v -0.242188 0.897656 -0.500000
v -0.686719 0.851563 -0.492188
v -0.679688 0.844531 -0.492188
v -0.664062 0.844531 -0.492188
v -0.656250 0.851562 -0.492969
v -0.648438 0.844531 -0.492188
v -0.648438 0.851563 -0.500000
v -0.640625 0.844531 -0.492188
v -0.632813 0.851563 -0.500000
v -0.632812 0.844531 -0.492188
v -0.625074 0.851572 -0.492661
v -0.617187 0.844531 -0.492187
v -0.609469 0.851509 -0.492746
v -0.593750 0.851562 -0.500000
v -0.593750 0.844531 -0.492188
v -0.585938 0.844531 -0.492188
v -0.578125 0.851562 -0.492969
v -0.570312 0.844531 -0.492188
v -0.562500 0.851562 -0.492188
v -0.554688 0.844531 -0.492188
v -0.554687 0.852344 -0.500000
v -0.546875 0.844531 -0.492187
v -0.531250 0.844531 -0.492187
v -0.524219 0.851562 -0.492188
v -0.679688 0.858594 -0.492188
v -0.664062 0.858594 -0.492188
v -0.648438 0.858594 -0.492188
v -0.640625 0.858594 -0.492188
v -0.593750 0.858594 -0.492188
v -0.584836 0.858698 -0.498099
v -0.570312 0.858594 -0.492188
v -0.554688 0.858594 -0.492188
v -0.539062 0.858594 -0.484375
v -0.523570 0.859346 -0.491406
v -0.515625 0.852344 -0.492188
v -0.507812 0.852344 -0.492188
v -0.500000 0.859375 -0.492969
v -0.490734 0.852344 -0.487464
v -0.484375 0.852344 -0.500000
v -0.476563 0.859375 -0.500000
v -0.476562 0.852344 -0.492188
v -0.460938 0.852344 -0.492188
v -0.460938 0.859375 -0.500000
v -0.453125 0.852344 -0.492188
v -0.445319 0.860250 -0.492281
v -0.437500 0.852344 -0.492187
v -0.429688 0.852344 -0.492187
v -0.422041 0.859990 -0.492290
v -0.414445 0.859338 -0.499430
v -0.414062 0.852344 -0.492187
v -0.382681 0.859944 -0.492511
v -0.109440 0.860050 -0.492449
v -0.093665 0.860049 -0.492497
v -0.085661 0.860055 -0.500014
v -0.071094 0.859375 -0.500000
v -0.062500 0.852344 -0.492188
v -0.070277 0.859966 -0.498227
v -0.055469 0.859375 -0.492187
v -0.546875 0.866406 -0.492188
v -0.531250 0.866406 -0.492188
v -0.515625 0.866406 -0.492188
v -0.507812 0.866406 -0.492188
v -0.490734 0.866406 -0.489099
v -0.476562 0.866406 -0.492188
v -0.460938 0.866406 -0.492188
v -0.445358 0.867029 -0.499247
v -0.453125 0.874219 -0.484375
v -0.437500 0.866406 -0.492187
v -0.429688 0.874219 -0.492188
v -0.414070 0.866362 -0.492232
v -0.406250 0.860156 -0.492188
v -0.390625 0.860156 -0.492188
v -0.375781 0.867188 -0.492188
v -0.367471 0.860241 -0.482935
v -0.351562 0.860156 -0.484375
v -0.358594 0.867187 -0.484375
v -0.335938 0.860156 -0.492188
v -0.327995 0.867215 -0.491432
v -0.320312 0.860156 -0.492187
v -0.117188 0.860156 -0.492188
v -0.124219 0.867188 -0.492188
v -0.101446 0.867349 -0.492319
v -0.085781 0.867188 -0.492188
v -0.071094 0.867187 -0.500000
v -0.062500 0.866406 -0.492188
v -0.445312 0.874219 -0.492188
v -0.421875 0.874219 -0.492188
v -0.406250 0.874219 -0.492188
v -0.390625 0.874219 -0.492187
v -0.382812 0.874219 -0.500000
v -0.367188 0.874219 -0.507812
v -0.335938 0.874219 -0.492187
v -0.241809 0.874938 -0.492729
v -0.234375 0.867969 -0.492187
v -0.227344 0.875000 -0.492188
v -0.125000 0.875000 -0.499219
v -0.109375 0.874219 -0.500000
v -0.102344 0.875000 -0.492188
v -0.093750 0.874219 -0.492188
v -0.328125 0.882812 -0.492969
v -0.265625 0.882812 -0.492969
v -0.250000 0.875781 -0.492188
v -0.242105 0.882819 -0.491769
v -0.125000 0.882031 -0.492188
v -0.109375 0.882031 -0.492187
v -0.250000 0.889844 -0.492188
v -0.242188 0.890625 -0.492969
v 0.820312 -0.280469 -0.484375
v 0.813140 -0.280079 -0.483369
v 0.827627 -0.271667 -0.485170
v 0.820312 -0.269531 -0.492608
v 0.813281 -0.265625 -0.484375
v 0.820312 -0.258594 -0.484375
v -0.457031 0.164063 -0.492608
v -0.457031 0.155829 -0.484375
v -0.467969 0.164062 -0.484375
v -0.446094 0.164062 -0.484375
v -0.457031 0.172296 -0.484375
v -0.710937 0.843750 -0.491406
v -0.710937 0.836719 -0.484375
v -0.717969 0.843750 -0.484375
v -0.726562 0.851562 -0.491406
v -0.726562 0.844531 -0.484375
v -0.733594 0.851562 -0.484375
v -0.719531 0.851562 -0.484375
v -0.710938 0.851562 -0.491406
v -0.717969 0.851562 -0.484375
v -0.703125 0.851563 -0.491406
v -0.696094 0.851562 -0.484375
v -0.688935 0.844504 -0.483152
v -0.694531 0.851563 -0.484375
v -0.671875 0.844531 -0.484375
v -0.664062 0.844531 -0.484375
v -0.656250 0.851562 -0.483594
v -0.648438 0.844531 -0.484375
v -0.632812 0.844531 -0.484375
v -0.609029 0.852047 -0.484557
v -0.587305 0.844336 -0.485352
v -0.578906 0.851562 -0.484375
v -0.577344 0.851562 -0.484375
v -0.562500 0.844531 -0.484375
v -0.554688 0.844531 -0.484375
v -0.539063 0.844531 -0.484375
v -0.523818 0.851985 -0.484236
v -0.054688 0.851562 -0.491406
v -0.054687 0.843329 -0.480469
v -0.062056 0.852006 -0.484375
v -0.726562 0.858594 -0.484375
v -0.710938 0.858594 -0.484375
v -0.687500 0.858594 -0.484375
v -0.671875 0.858594 -0.484375
v -0.664062 0.858594 -0.484375
v -0.648438 0.858594 -0.484375
v -0.639844 0.859375 -0.484375
v -0.632832 0.858860 -0.491930
v -0.625000 0.852344 -0.484375
v -0.625000 0.859375 -0.491406
v -0.617188 0.852344 -0.484375
v -0.617139 0.858666 -0.491920
v -0.609375 0.859375 -0.491406
v -0.601547 0.858524 -0.492215
v -0.585938 0.858594 -0.484375
v -0.570312 0.858594 -0.484375
v -0.562500 0.858594 -0.484375
v -0.554688 0.858594 -0.484375
v -0.553906 0.859375 -0.484375
v -0.539062 0.858594 -0.484375
v -0.515625 0.859375 -0.485156
v -0.506492 0.852469 -0.480531
v -0.500000 0.859375 -0.483594
v -0.484375 0.852344 -0.484375
v -0.468750 0.852344 -0.484375
v -0.468750 0.859375 -0.492188
v -0.460938 0.852344 -0.484375
v -0.453125 0.860156 -0.484375
v -0.445313 0.852344 -0.484375
v -0.429687 0.852344 -0.484375
v -0.422355 0.859765 -0.476462
v -0.414062 0.860156 -0.484375
v -0.382812 0.852344 -0.484375
v -0.078125 0.852344 -0.476562
v -0.085652 0.860044 -0.484331
v -0.069531 0.859375 -0.484375
v -0.055120 0.858943 -0.484375
v -0.632813 0.866406 -0.484375
v -0.531250 0.866406 -0.484375
v -0.523438 0.866406 -0.484375
v -0.506454 0.866406 -0.481997
v -0.484375 0.866406 -0.484375
v -0.468750 0.866406 -0.484375
v -0.460937 0.866406 -0.484375
v -0.437500 0.860156 -0.484375
v -0.421981 0.867251 -0.484438
v -0.406250 0.867188 -0.484375
v -0.398438 0.860156 -0.484375
v -0.390625 0.860156 -0.484375
v -0.374219 0.867188 -0.484375
v -0.343750 0.860156 -0.484375
v -0.320312 0.867969 -0.484375
v -0.312500 0.860156 -0.484375
v -0.125000 0.860156 -0.484375
v -0.132031 0.867188 -0.484375
v -0.109375 0.860156 -0.484375
v -0.101562 0.860156 -0.484375
v -0.062500 0.866406 -0.484375
v -0.437072 0.874606 -0.483253
v -0.429688 0.874219 -0.484375
v -0.414062 0.874219 -0.484375
v -0.398438 0.874219 -0.484375
v -0.382813 0.874219 -0.476563
v -0.351562 0.874219 -0.484375
v -0.327494 0.875074 -0.491907
v -0.305469 0.867188 -0.476562
v -0.241807 0.875423 -0.484236
v -0.226562 0.867969 -0.484375
v -0.219531 0.875000 -0.484375
v -0.139844 0.875000 -0.484375
v -0.110156 0.875000 -0.484375
v -0.109375 0.874219 -0.484375
v -0.101562 0.874219 -0.484375
v -0.085938 0.874219 -0.484375
v -0.078125 0.874219 -0.492188
v -0.328125 0.882031 -0.484375
v -0.320313 0.882031 -0.492188
v -0.257812 0.875781 -0.484375
v -0.257031 0.882812 -0.492187
v -0.234375 0.889844 -0.492187
v -0.227344 0.882812 -0.492188
v -0.219531 0.882813 -0.484375
v -0.125000 0.882031 -0.476563
v -0.328125 0.890625 -0.491406
v -0.328125 0.883594 -0.484375
v -0.335156 0.890625 -0.484375
v -0.321094 0.890625 -0.484375
v -0.257812 0.889844 -0.484375
v -0.226562 0.889844 -0.484375
v -0.328125 0.897656 -0.484375
v 0.812500 -0.303906 -0.476562
v 0.805469 -0.296875 -0.476562
v 0.819531 -0.296875 -0.476563
v 0.812500 -0.296875 -0.483594
v 0.805469 -0.281250 -0.476563
v 0.819585 -0.281024 -0.476506
v 0.813153 -0.266985 -0.469843
v 0.827344 -0.273438 -0.476562
v 0.820745 -0.258245 -0.476563
v 0.828125 -0.257812 -0.483594
v 0.827508 -0.265275 -0.476629
v 0.835156 -0.257813 -0.476563
v 0.828125 -0.250781 -0.476562
v -0.460938 0.164062 -0.477344
v -0.453125 0.164062 -0.477344
v -0.703125 0.836719 -0.476562
v -0.703125 0.843750 -0.483594
v -0.695312 0.843750 -0.483594
v -0.695312 0.836719 -0.476562
v -0.726562 0.851562 -0.477344
v -0.710156 0.843750 -0.476562
v -0.695190 0.850821 -0.476585
v -0.679688 0.851563 -0.484375
v -0.679688 0.844531 -0.476562
v -0.673310 0.844369 -0.474690
v -0.656250 0.844531 -0.476562
v -0.640584 0.851613 -0.484457
v -0.640625 0.844531 -0.476562
v -0.617188 0.844531 -0.476562
v -0.624910 0.852355 -0.476576
v -0.601563 0.844531 -0.476563
v -0.585938 0.851562 -0.477344
v -0.570312 0.844531 -0.476562
v -0.562500 0.844531 -0.476562
v -0.554694 0.851565 -0.477331
v -0.546875 0.844531 -0.476562
v -0.531250 0.844531 -0.476562
v -0.523437 0.852344 -0.476562
v -0.061719 0.851562 -0.476562
v -0.046454 0.851562 -0.480469
v -0.710938 0.858594 -0.476562
v -0.703125 0.858594 -0.484375
v -0.679688 0.858594 -0.476562
v -0.671875 0.858594 -0.476562
v -0.656250 0.858594 -0.476562
v -0.640363 0.858700 -0.476497
v -0.609375 0.852344 -0.476562
v -0.601563 0.866406 -0.484375
v -0.594192 0.851836 -0.476803
v -0.586249 0.859446 -0.476077
v -0.577897 0.852177 -0.476628
v -0.578125 0.859375 -0.483594
v -0.570313 0.858594 -0.476562
v -0.554677 0.859176 -0.476105
v -0.539062 0.859375 -0.483594
v -0.539062 0.852344 -0.476562
v -0.531250 0.851562 -0.469531
v -0.531256 0.858500 -0.476469
v -0.515625 0.859375 -0.475781
v -0.500000 0.852344 -0.476562
v -0.492188 0.852344 -0.476562
v -0.476562 0.852344 -0.476562
v -0.476563 0.859375 -0.484375
v -0.468932 0.859392 -0.477219
v -0.460937 0.852344 -0.476563
v -0.445312 0.852344 -0.476562
v -0.430266 0.851476 -0.472078
v -0.437500 0.860156 -0.476563
v -0.382516 0.860097 -0.476368
v -0.375344 0.859284 -0.483788
v -0.375000 0.852344 -0.476562
v -0.085456 0.859514 -0.476134
v -0.071094 0.859375 -0.476562
v -0.062500 0.859375 -0.477344
v -0.054688 0.858594 -0.476562
v -0.632812 0.866406 -0.476562
v -0.625000 0.866406 -0.476562
v -0.601562 0.866406 -0.476562
v -0.578125 0.866406 -0.476562
v -0.562500 0.866406 -0.476562
v -0.545850 0.866662 -0.481173
v -0.539062 0.866406 -0.476562
v -0.522079 0.866406 -0.474185
v -0.500000 0.866406 -0.476562
v -0.492188 0.866406 -0.476562
v -0.453125 0.860156 -0.476562
v -0.429688 0.866406 -0.476562
v -0.406250 0.860156 -0.476562
v -0.398438 0.860156 -0.476562
v -0.375009 0.866363 -0.476608
v -0.359375 0.860156 -0.476562
v -0.343750 0.860156 -0.476563
v -0.335954 0.867254 -0.484243
v -0.335938 0.860156 -0.476562
v -0.328125 0.860156 -0.484375
v -0.320312 0.867969 -0.468750
v -0.125000 0.860156 -0.476563
v -0.117187 0.860156 -0.476562
v -0.109375 0.867188 -0.476563
v -0.101562 0.860156 -0.476562
v -0.093807 0.860061 -0.476372
v -0.085828 0.867107 -0.476453
v -0.071094 0.867188 -0.476562
v -0.453125 0.874219 -0.476563
v -0.421875 0.874219 -0.476562
v -0.406250 0.874219 -0.476562
v -0.398437 0.874219 -0.476563
v -0.367188 0.874219 -0.476562
v -0.359375 0.875000 -0.483594
v -0.351564 0.874848 -0.475971
v -0.343750 0.874219 -0.484375
v -0.335937 0.874219 -0.476563
v -0.335156 0.875000 -0.484375
v -0.327758 0.874476 -0.476441
v -0.312891 0.874609 -0.476562
v -0.250000 0.875000 -0.483594
v -0.257031 0.875000 -0.476562
v -0.250000 0.867969 -0.476563
v -0.234375 0.867969 -0.476563
v -0.139844 0.875000 -0.476563
v -0.117188 0.874219 -0.476563
v -0.101563 0.874219 -0.476562
v -0.093750 0.874219 -0.476562
v -0.078125 0.874219 -0.476562
v -0.320313 0.882031 -0.476563
v -0.265625 0.882812 -0.483594
v -0.265625 0.875781 -0.476562
v -0.249896 0.882716 -0.484371
v -0.257680 0.882783 -0.476541
v -0.242188 0.875781 -0.476562
v -0.234375 0.882031 -0.484375
v -0.226780 0.875376 -0.476955
v -0.218750 0.875781 -0.476563
v -0.211719 0.882812 -0.476562
v -0.132812 0.882031 -0.482422
v -0.328125 0.890625 -0.477344
v -0.265625 0.889844 -0.476562
v -0.250000 0.889844 -0.476562
v -0.242187 0.889844 -0.484375
v -0.218750 0.889844 -0.476562
v 0.812500 -0.296094 -0.468750
v 0.805469 -0.289062 -0.468750
v 0.819531 -0.289062 -0.468750
v 0.805469 -0.265625 -0.460937
v 0.820312 -0.265625 -0.469531
v 0.828125 -0.264844 -0.468750
v 0.821094 -0.257812 -0.468750
v -0.703125 0.836719 -0.468750
v -0.710156 0.843750 -0.468750
v -0.695312 0.836719 -0.468750
v -0.717969 0.851562 -0.476562
v -0.695312 0.850781 -0.468750
v -0.687500 0.844531 -0.468750
v -0.664062 0.851563 -0.476563
v -0.664062 0.844531 -0.468750
v -0.656250 0.851562 -0.469531
v -0.648438 0.844531 -0.468750
v -0.640625 0.844531 -0.468750
v -0.632262 0.844552 -0.462901
v -0.625056 0.851694 -0.468111
v -0.617188 0.844531 -0.468750
v -0.602344 0.851562 -0.468750
v -0.570318 0.852264 -0.468905
v -0.562500 0.851562 -0.469531
v -0.546747 0.852056 -0.469255
v -0.054688 0.851562 -0.469531
v -0.703125 0.858594 -0.468750
v -0.687500 0.858594 -0.468750
v -0.671875 0.858594 -0.468750
v -0.664062 0.858594 -0.468750
v -0.648438 0.858594 -0.468750
v -0.640625 0.858594 -0.468750
v -0.632861 0.858808 -0.469036
v -0.593750 0.852344 -0.468750
v -0.601521 0.859062 -0.469320
v -0.585938 0.852344 -0.468750
v -0.578089 0.859411 -0.469176
v -0.554688 0.852344 -0.468750
v -0.562521 0.859346 -0.468883
v -0.539062 0.852344 -0.468750
v -0.531288 0.859157 -0.468256
v -0.523438 0.852344 -0.468750
v -0.515625 0.852344 -0.468750
v -0.507812 0.852344 -0.468750
v -0.492188 0.852344 -0.468750
v -0.484375 0.859375 -0.476563
v -0.484375 0.852344 -0.468750
v -0.476562 0.852344 -0.468750
v -0.460938 0.852344 -0.468750
v -0.468476 0.859798 -0.468629
v -0.453125 0.852344 -0.468750
v -0.445312 0.867187 -0.461719
v -0.444531 0.859375 -0.468750
v -0.437500 0.852344 -0.468750
v -0.421875 0.860156 -0.468750
v -0.375000 0.852344 -0.468750
v -0.367187 0.860156 -0.468750
v -0.101563 0.852344 -0.468750
v -0.109375 0.860156 -0.468750
v -0.085938 0.852344 -0.468750
v -0.070312 0.852344 -0.468750
v -0.063281 0.859375 -0.468750
v -0.609375 0.866406 -0.468750
v -0.593750 0.866406 -0.468750
v -0.585938 0.866406 -0.468750
v -0.570312 0.866406 -0.468750
v -0.554688 0.866406 -0.468750
v -0.539062 0.866406 -0.468750
v -0.515625 0.866406 -0.468750
v -0.507812 0.866406 -0.468750
v -0.492188 0.866406 -0.468750
v -0.484375 0.866406 -0.468750
v -0.476484 0.866711 -0.476295
v -0.461848 0.866006 -0.476763
v -0.437500 0.874219 -0.468750
v -0.429688 0.866406 -0.468750
v -0.414063 0.867188 -0.476563
v -0.414062 0.860156 -0.468750
v -0.406250 0.860156 -0.468750
v -0.398437 0.867187 -0.469531
v -0.390625 0.860156 -0.468750
v -0.382430 0.867050 -0.469449
v -0.375000 0.874219 -0.468750
v -0.351675 0.867646 -0.476587
v -0.351562 0.860156 -0.468750
v -0.335938 0.860156 -0.468750
v -0.328125 0.860156 -0.468750
v -0.313556 0.859010 -0.463833
v -0.305469 0.867187 -0.460938
v -0.132744 0.860159 -0.468819
v -0.078626 0.867215 -0.469183
v -0.070312 0.866406 -0.468750
v -0.476562 0.874219 -0.468750
v -0.460937 0.874219 -0.468750
v -0.445312 0.874219 -0.468750
v -0.421875 0.874219 -0.468750
v -0.414062 0.874219 -0.468750
v -0.406250 0.874219 -0.468750
v -0.390625 0.874219 -0.468750
v -0.359375 0.882031 -0.476562
v -0.359375 0.874219 -0.468750
v -0.343750 0.867969 -0.468750
v -0.327915 0.874519 -0.468271
v -0.305469 0.875000 -0.468750
v -0.250000 0.867969 -0.468750
v -0.257456 0.875446 -0.468696
v -0.234375 0.867969 -0.468750
v -0.218750 0.867969 -0.468750
v -0.142619 0.874998 -0.473786
v -0.117188 0.874219 -0.468750
v -0.109375 0.874219 -0.468750
v -0.085938 0.874219 -0.468750
v -0.351562 0.882031 -0.468750
v -0.343750 0.882031 -0.476563
v -0.327344 0.882812 -0.468750
v -0.312500 0.882031 -0.468750
v -0.273438 0.875781 -0.468750
v -0.280469 0.882812 -0.468750
v -0.265508 0.882846 -0.469423
v -0.250135 0.882166 -0.468858
v -0.242188 0.875781 -0.468750
v -0.249219 0.882812 -0.468750
v -0.234375 0.882031 -0.460938
v -0.226562 0.875781 -0.468750
v -0.211719 0.875000 -0.468750
v -0.144529 0.882028 -0.464844
v -0.125000 0.882031 -0.468750
v -0.320313 0.889844 -0.468750
v -0.273438 0.889844 -0.468750
v -0.257812 0.889844 -0.468750
v -0.242188 0.889844 -0.468750
v 0.828125 -0.312921 -0.457031
v 0.821094 -0.304688 -0.460938
v 0.835156 -0.304688 -0.460938
v 0.828125 -0.304687 -0.467969
v 0.819531 -0.289062 -0.453125
v 0.805469 -0.277344 -0.458984
v 0.819563 -0.273529 -0.468975
v 0.819531 -0.273437 -0.460937
v 0.820115 -0.265637 -0.460297
v 0.812500 -0.258594 -0.460938
v 0.828125 -0.264844 -0.460938
v 0.821094 -0.257812 -0.460938
v 0.835289 -0.256886 -0.455906
v 0.828125 -0.250781 -0.460938
v -0.703122 0.844134 -0.461438
v -0.679688 0.843750 -0.467969
v -0.679687 0.836719 -0.460938
v -0.686719 0.843750 -0.460938
v -0.750000 0.851562 -0.467969
v -0.750000 0.844531 -0.460938
v -0.757031 0.851562 -0.460938
v -0.742969 0.851562 -0.460938
v -0.710938 0.844531 -0.460938
v -0.710156 0.851562 -0.468750
v -0.695312 0.844531 -0.460938
v -0.679583 0.851466 -0.468746
v -0.687371 0.851539 -0.461744
v -0.671875 0.844531 -0.460938
v -0.664062 0.844531 -0.460938
v -0.656250 0.851562 -0.460156
v -0.648438 0.844531 -0.460938
v -0.625000 0.844531 -0.460938
v -0.609375 0.844531 -0.468750
v -0.617187 0.844531 -0.460937
v -0.601563 0.844531 -0.460938
v -0.601563 0.851563 -0.467969
v -0.750000 0.858594 -0.460938
v -0.703125 0.858594 -0.460938
v -0.695312 0.858594 -0.460938
v -0.679688 0.858594 -0.460938
v -0.664062 0.858594 -0.460937
v -0.648438 0.858594 -0.460938
v -0.632812 0.858594 -0.460938
v -0.625000 0.858594 -0.460938
v -0.617187 0.858594 -0.460937
v -0.624368 0.859418 -0.468993
v -0.601509 0.858579 -0.460960
v -0.593750 0.852344 -0.460938
v -0.578125 0.852344 -0.460938
v -0.578125 0.859375 -0.467969
v -0.570618 0.859440 -0.461793
v -0.562500 0.852344 -0.460937
v -0.546875 0.852344 -0.460938
v -0.539063 0.859375 -0.461719
v -0.531250 0.852344 -0.460937
v -0.500000 0.859375 -0.468750
v -0.500000 0.852344 -0.460938
v -0.492188 0.852344 -0.460938
v -0.484375 0.859375 -0.461719
v -0.476562 0.859375 -0.461719
v -0.468750 0.852344 -0.460938
v -0.460938 0.859375 -0.461719
v -0.453125 0.859375 -0.461719
v -0.437500 0.852344 -0.460938
v -0.444531 0.859375 -0.460938
v -0.429688 0.859375 -0.461719
v -0.093750 0.852344 -0.468750
v -0.101562 0.852344 -0.460937
v -0.085937 0.852344 -0.460938
v -0.078258 0.859504 -0.468819
v -0.078125 0.852344 -0.460938
v -0.609375 0.866406 -0.460938
v -0.593750 0.866406 -0.460938
v -0.585544 0.867177 -0.460402
v -0.578125 0.867188 -0.467969
v -0.571094 0.867188 -0.460938
v -0.562500 0.866406 -0.460937
v -0.546875 0.866406 -0.460938
v -0.531250 0.866406 -0.460937
v -0.511719 0.866406 -0.460938
v -0.500000 0.866406 -0.460938
v -0.492188 0.866406 -0.460938
v -0.476563 0.867187 -0.461719
v -0.460937 0.867188 -0.461719
v -0.437500 0.866406 -0.460938
v -0.421875 0.867187 -0.461719
v -0.406250 0.867188 -0.461719
v -0.390625 0.867187 -0.461719
v -0.375000 0.860156 -0.460938
v -0.382539 0.861912 -0.465503
v -0.359375 0.860156 -0.468750
v -0.367188 0.860156 -0.460937
v -0.351562 0.860156 -0.460938
v -0.343750 0.867969 -0.460938
v -0.335938 0.860156 -0.460938
v -0.328125 0.875000 -0.453906
v -0.320312 0.860156 -0.460938
v -0.320312 0.867969 -0.468750
v -0.140560 0.860151 -0.460999
v -0.117188 0.860156 -0.453125
v -0.109375 0.860156 -0.460937
v -0.093750 0.860156 -0.460938
v -0.078507 0.866715 -0.460847
v -0.578125 0.874219 -0.460938
v -0.468750 0.874219 -0.460938
v -0.382031 0.875000 -0.460938
v -0.367187 0.882031 -0.468750
v -0.367188 0.867188 -0.453906
v -0.297656 0.875000 -0.460937
v -0.257813 0.867969 -0.460938
v -0.265194 0.874888 -0.460434
v -0.242187 0.867969 -0.460938
v -0.226563 0.867969 -0.460938
v -0.218750 0.875781 -0.460937
v -0.210937 0.867969 -0.460938
v -0.203906 0.875000 -0.460938
v -0.152148 0.875001 -0.464259
v -0.125000 0.874219 -0.460938
v -0.109375 0.874219 -0.460938
v -0.093750 0.874219 -0.460938
v -0.085937 0.874219 -0.460937
v -0.375000 0.882031 -0.460938
v -0.359375 0.882031 -0.460937
v -0.328125 0.882031 -0.460938
v -0.320312 0.882031 -0.460938
v -0.304688 0.882031 -0.460938
v -0.273438 0.875781 -0.460938
v -0.265637 0.882630 -0.460202
v -0.250021 0.882382 -0.460328
v -0.234375 0.882031 -0.460938
v -0.226562 0.889844 -0.468750
v -0.211337 0.882432 -0.460930
v -0.132813 0.882031 -0.460938
v -0.273438 0.889844 -0.460938
v -0.257812 0.889844 -0.460938
v -0.242188 0.889844 -0.460938
v -0.226562 0.889844 -0.460938
v -0.218750 0.889844 -0.460938
v 0.821094 -0.304688 -0.453125
v 0.835156 -0.304688 -0.453125
v 0.835156 -0.296875 -0.453125
v 0.812848 -0.296014 -0.451238
v 0.805469 -0.289062 -0.449219
v 0.828125 -0.289844 -0.453125
v 0.819531 -0.281250 -0.453125
v 0.827344 -0.273438 -0.453125
v 0.820791 -0.258395 -0.453086
v 0.827494 -0.265310 -0.453225
v 0.821094 -0.250000 -0.453125
v 0.835156 -0.250000 -0.453125
v 0.828125 -0.242969 -0.453125
v 0.500000 0.344531 -0.453125
v 0.492969 0.351562 -0.453125
v 0.507031 0.351562 -0.453125
v -0.750000 0.851562 -0.453906
v -0.718750 0.844531 -0.453125
v -0.725781 0.851563 -0.453125
v -0.710938 0.844531 -0.453125
v -0.695312 0.844531 -0.453125
v -0.687383 0.851569 -0.452549
v -0.679688 0.844531 -0.453125
v -0.656250 0.844531 -0.453125
v -0.648438 0.851562 -0.453906
v -0.640625 0.844531 -0.453125
v -0.640625 0.851562 -0.460937
v -0.632812 0.844531 -0.453125
v -0.593750 0.844531 -0.453125
v -0.718750 0.858594 -0.453125
v -0.710938 0.858594 -0.453125
v -0.695312 0.858594 -0.453125
v -0.679688 0.858594 -0.453125
v -0.656250 0.858594 -0.453125
v -0.640625 0.858594 -0.453125
v -0.632812 0.858594 -0.453125
v -0.617188 0.858594 -0.453125
v -0.609375 0.852344 -0.460938
v -0.600781 0.859375 -0.449219
v -0.585868 0.859504 -0.460805
v -0.585938 0.852344 -0.453125
v -0.578125 0.852344 -0.453125
v -0.571094 0.859375 -0.453125
v -0.562500 0.859375 -0.453906
v -0.546875 0.859375 -0.453906
v -0.531250 0.859375 -0.453906
v -0.511719 0.859375 -0.453906
v -0.492188 0.859375 -0.453906
v -0.468750 0.863281 -0.452704
v -0.437500 0.859375 -0.453906
v -0.093750 0.852344 -0.453125
v -0.085938 0.852344 -0.453125
v -0.078906 0.859375 -0.453125
v -0.593750 0.867188 -0.460156
v -0.578125 0.866406 -0.453125
v -0.375000 0.867188 -0.453906
v -0.351562 0.867187 -0.453906
v -0.335938 0.867188 -0.453906
v -0.317374 0.864894 -0.453906
v -0.148437 0.860156 -0.453125
v -0.132812 0.860156 -0.460937
v -0.140625 0.860156 -0.453125
v -0.125000 0.860156 -0.453125
v -0.109298 0.867265 -0.453102
v -0.101247 0.859845 -0.453124
v -0.093750 0.866406 -0.453125
v -0.085938 0.866406 -0.453125
v -0.593750 0.874219 -0.453125
v -0.585937 0.874219 -0.453125
v -0.375000 0.875000 -0.453906
v -0.359375 0.875000 -0.453906
v -0.343750 0.875000 -0.453906
v -0.304687 0.875000 -0.453906
v -0.265625 0.867969 -0.453125
v -0.272656 0.875000 -0.453125
v -0.257813 0.875026 -0.453863
v -0.250000 0.867969 -0.453125
v -0.250000 0.875250 -0.460906
v -0.242188 0.875026 -0.453863
v -0.234375 0.867969 -0.453125
v -0.218750 0.867969 -0.453125
v -0.210938 0.867969 -0.445313
v -0.163281 0.875000 -0.453125
v -0.132812 0.867969 -0.453125
v -0.125000 0.874219 -0.453125
v -0.117188 0.874219 -0.453125
v -0.101563 0.874219 -0.453125
v -0.280469 0.882813 -0.460937
v -0.272656 0.882812 -0.453125
v -0.257812 0.882441 -0.453203
v -0.242187 0.882441 -0.453203
v -0.234375 0.889844 -0.453125
v -0.226562 0.882031 -0.453125
v -0.211719 0.882813 -0.453125
v -0.156250 0.882031 -0.453125
v -0.265625 0.889844 -0.453125
v -0.250000 0.889844 -0.453125
v -0.218750 0.889844 -0.453125
v 0.820709 -0.296967 -0.452710
v 0.820313 -0.303906 -0.445312
v 0.828208 -0.304405 -0.445930
v 0.819819 -0.289639 -0.445107
v 0.828125 -0.289844 -0.445312
v 0.805469 -0.281250 -0.433594
v 0.805469 -0.273438 -0.433594
v 0.819714 -0.273271 -0.445658
v 0.805469 -0.265625 -0.437500
v 0.828125 -0.272656 -0.445313
v 0.835156 -0.267641 -0.441028
v 0.820730 -0.258355 -0.445412
v 0.835156 -0.257813 -0.445312
v 0.828125 -0.250781 -0.445312
v 0.492969 0.367188 -0.437500
v 0.500000 0.351563 -0.460156
v -0.757812 0.851562 -0.452344
v -0.757812 0.844531 -0.445312
v -0.764844 0.851562 -0.445312
v -0.750781 0.851562 -0.445312
v -0.714844 0.851562 -0.444892
v -0.703125 0.851563 -0.453906
v -0.694531 0.851562 -0.445312
v -0.687500 0.844531 -0.445312
v -0.679451 0.851586 -0.446094
v -0.671875 0.844531 -0.445313
v -0.656250 0.844531 -0.445312
v -0.648438 0.851562 -0.444531
v -0.640625 0.844531 -0.445312
v -0.625000 0.851563 -0.453125
v -0.625000 0.844531 -0.445312
v -0.617188 0.844531 -0.453125
v -0.601562 0.844531 -0.445313
v -0.594531 0.851562 -0.445312
v -0.757812 0.858594 -0.445312
v -0.671875 0.858594 -0.445313
v -0.656250 0.858594 -0.445313
v -0.640625 0.858594 -0.445312
v -0.617188 0.858594 -0.445312
v -0.609375 0.866406 -0.445312
v -0.609375 0.852344 -0.445312
v -0.601562 0.858594 -0.445312
v -0.586453 0.859394 -0.445672
v -0.578125 0.859375 -0.446094
v -0.101562 0.852344 -0.445313
v -0.109375 0.860156 -0.445312
v -0.094231 0.859378 -0.445902
v -0.085938 0.852344 -0.445312
v -0.078906 0.859375 -0.445312
v -0.600781 0.869204 -0.448841
v -0.585938 0.860156 -0.445312
v -0.578906 0.867188 -0.445312
v -0.148438 0.860156 -0.445312
v -0.140634 0.868013 -0.445268
v -0.132813 0.860156 -0.445313
v -0.125000 0.860156 -0.445312
v -0.117188 0.867187 -0.446094
v -0.101836 0.866681 -0.445309
v -0.085938 0.866406 -0.445312
v -0.593750 0.874219 -0.445312
v -0.585938 0.874219 -0.445312
v -0.265625 0.875000 -0.446094
v -0.250000 0.875000 -0.446094
v -0.233874 0.874973 -0.445745
v -0.226562 0.867969 -0.445312
v -0.226563 0.875781 -0.453125
v -0.218840 0.875253 -0.445238
v -0.155971 0.867729 -0.445455
v -0.163281 0.875000 -0.445312
v -0.132813 0.882031 -0.453125
v -0.126453 0.874219 -0.440589
v -0.109375 0.874219 -0.445312
v -0.273438 0.875781 -0.445312
v -0.280469 0.882812 -0.445313
v -0.257757 0.875624 -0.445168
v -0.265631 0.882645 -0.445941
v -0.242188 0.875781 -0.445312
v -0.250030 0.882665 -0.445850
v -0.234216 0.882871 -0.445657
v -0.210907 0.882173 -0.445053
v -0.156250 0.882031 -0.445312
v -0.148438 0.882031 -0.437500
v -0.257812 0.889844 -0.445312
v -0.242188 0.889844 -0.445312
v 0.820313 -0.303906 -0.437500
v 0.835156 -0.296875 -0.445313
v 0.805469 -0.289062 -0.437500
v 0.819580 -0.289404 -0.437207
v 0.819792 -0.265781 -0.438021
v 0.821094 -0.265625 -0.437500
v 0.828125 -0.272656 -0.437500
v 0.812500 -0.258594 -0.437500
v 0.500000 0.344531 -0.437500
v 0.492969 0.351563 -0.437500
v 0.507031 0.351562 -0.437500
v 0.500000 0.374219 -0.437500
v 0.507031 0.367188 -0.437500
v -0.757812 0.851562 -0.438281
v -0.742188 0.851562 -0.444531
v -0.742188 0.844531 -0.437500
v -0.749219 0.851562 -0.437500
v -0.735156 0.851562 -0.437500
v -0.726562 0.851562 -0.444531
v -0.726562 0.844531 -0.437500
v -0.718750 0.844531 -0.437500
v -0.703125 0.851562 -0.444531
v -0.703125 0.844531 -0.437500
v -0.695123 0.851611 -0.436692
v -0.680469 0.851562 -0.421875
v -0.664062 0.844531 -0.437500
v -0.649201 0.844597 -0.436303
v -0.640807 0.851580 -0.438156
v -0.630902 0.844238 -0.432244
v -0.617188 0.844531 -0.437500
v -0.601562 0.844531 -0.437500
v -0.742188 0.858594 -0.437500
v -0.726562 0.858594 -0.437500
v -0.718750 0.858594 -0.437500
v -0.703125 0.858594 -0.437500
v -0.648438 0.858594 -0.437500
v -0.625000 0.858594 -0.445312
v -0.632812 0.866406 -0.429688
v -0.609375 0.852344 -0.437500
v -0.593750 0.852344 -0.437500
v -0.586293 0.859340 -0.436904
v -0.578125 0.852344 -0.437500
v -0.578125 0.859375 -0.444531
v -0.571094 0.859375 -0.437500
v -0.101562 0.852344 -0.429687
v -0.109200 0.860038 -0.437543
v -0.085937 0.859375 -0.438281
v -0.625000 0.866406 -0.437500
v -0.617188 0.866406 -0.437500
v -0.609375 0.866406 -0.437500
v -0.593665 0.866706 -0.437773
v -0.585938 0.867188 -0.438281
v -0.578125 0.866406 -0.437500
v -0.141406 0.867187 -0.429687
v -0.139844 0.867188 -0.437500
v -0.125056 0.860019 -0.437210
v -0.117188 0.867188 -0.436719
v -0.101563 0.866406 -0.437500
v -0.265625 0.875000 -0.444531
v -0.265625 0.867969 -0.437500
v -0.250000 0.875000 -0.444531
v -0.250000 0.867969 -0.437500
v -0.226562 0.867969 -0.437500
v -0.218750 0.867969 -0.437500
v -0.211719 0.875000 -0.437500
v -0.164063 0.867969 -0.437500
v -0.156191 0.875074 -0.438284
v -0.140474 0.874741 -0.438313
v -0.141406 0.875000 -0.437500
v -0.132813 0.874219 -0.437500
v -0.109375 0.874219 -0.437500
v -0.273438 0.875781 -0.437500
v -0.280469 0.882812 -0.437500
v -0.265627 0.882138 -0.437557
v -0.249815 0.882073 -0.437551
v -0.242188 0.875781 -0.437500
v -0.234375 0.882812 -0.444531
v -0.226562 0.882031 -0.437500
v -0.226563 0.889844 -0.445312
v -0.219486 0.882647 -0.445162
v -0.203906 0.875000 -0.445312
v -0.203906 0.882812 -0.437500
v -0.164062 0.882031 -0.437500
v -0.257812 0.889844 -0.437500
v -0.242188 0.889844 -0.437500
v -0.234375 0.889844 -0.437500
v -0.210938 0.889844 -0.437500
v 0.812500 -0.303906 -0.429687
v 0.805469 -0.296875 -0.429687
v 0.819531 -0.296875 -0.429688
v 0.819531 -0.273438 -0.429688
v 0.819531 -0.257813 -0.429688
v 0.805469 -0.255519 -0.424814
v 0.828125 -0.264844 -0.429688
v 0.821094 -0.257812 -0.429688
v 0.835082 -0.257442 -0.424282
v 0.812500 -0.250781 -0.429688
v 0.500000 0.351563 -0.430469
v 0.500000 0.367188 -0.430469
v -0.742188 0.851562 -0.430469
v -0.726562 0.844531 -0.429688
v -0.734796 0.851563 -0.433594
v -0.703125 0.844531 -0.421875
v -0.695313 0.844531 -0.429688
v -0.687500 0.844531 -0.437500
v -0.671875 0.844531 -0.429688
v -0.656250 0.844531 -0.429688
v -0.656229 0.851592 -0.437367
v -0.640523 0.852145 -0.429579
v -0.625000 0.844531 -0.437500
v -0.617188 0.844531 -0.429688
v -0.609375 0.844531 -0.429687
v -0.601562 0.852344 -0.429688
v -0.726562 0.858594 -0.429688
v -0.695313 0.858594 -0.429687
v -0.687037 0.858296 -0.444173
v -0.663281 0.859375 -0.429688
v -0.663215 0.858238 -0.436945
v -0.647395 0.860033 -0.436105
v -0.632812 0.858594 -0.437500
v -0.625000 0.852344 -0.429687
v -0.609375 0.858594 -0.429688
v -0.601437 0.858638 -0.437490
v -0.593750 0.859375 -0.429687
v -0.585938 0.852344 -0.429688
v -0.578906 0.859375 -0.429688
v -0.125000 0.852344 -0.429687
v -0.117188 0.859375 -0.436719
v -0.117188 0.852344 -0.429688
v -0.109267 0.859547 -0.429086
v -0.094531 0.859375 -0.421875
v -0.640625 0.866406 -0.429688
v -0.601562 0.866406 -0.429688
v -0.585938 0.866406 -0.429688
v -0.148438 0.860156 -0.429688
v -0.132812 0.860156 -0.429688
v -0.109777 0.867292 -0.430167
v -0.101562 0.866406 -0.429688
v -0.265625 0.867969 -0.429688
v -0.273437 0.875781 -0.429687
v -0.257813 0.867969 -0.429688
v -0.234146 0.875300 -0.437065
v -0.226562 0.867969 -0.429688
v -0.211527 0.875016 -0.421451
v -0.171094 0.875000 -0.437500
v -0.156801 0.875028 -0.429366
v -0.148438 0.874219 -0.429688
v -0.132813 0.874219 -0.421875
v -0.117188 0.874219 -0.429688
v -0.281250 0.875781 -0.429688
v -0.265616 0.882020 -0.429674
v -0.242280 0.882816 -0.430066
v -0.211719 0.882812 -0.429687
v -0.164062 0.882031 -0.429687
v -0.281250 0.889844 -0.429688
v -0.273367 0.889688 -0.443508
v -0.257813 0.889844 -0.421875
v -0.234375 0.889844 -0.429688
v -0.226562 0.889844 -0.429688
v -0.217718 0.890152 -0.436300
v 0.812500 -0.303906 -0.414062
v 0.827344 -0.273438 -0.421875
v 0.819531 -0.265625 -0.421875
v 0.828125 -0.264844 -0.421875
v 0.812500 -0.250781 -0.421875
v 0.828125 -0.250781 -0.421875
v -0.433594 0.148438 -0.430108
v -0.437500 0.141069 -0.421431
v -0.444531 0.148438 -0.421875
v -0.429688 0.141406 -0.421875
v -0.422656 0.148438 -0.421875
v -0.433594 0.156671 -0.421875
v 0.500000 0.344531 -0.421875
v 0.492969 0.351562 -0.421875
v 0.507031 0.351562 -0.421875
v 0.500000 0.355469 -0.430108
v 0.492969 0.359375 -0.421875
v 0.507031 0.359375 -0.421875
v -0.796875 0.844531 -0.421875
v -0.796875 0.851562 -0.428906
v -0.789934 0.851255 -0.419464
v -0.726562 0.851562 -0.422656
v -0.718750 0.851563 -0.430469
v -0.710156 0.851562 -0.421875
v -0.686975 0.844343 -0.415847
v -0.671875 0.844531 -0.421875
v -0.663930 0.851592 -0.429666
v -0.664062 0.844531 -0.421875
v -0.648438 0.844531 -0.421875
v -0.640625 0.844531 -0.421875
v -0.632812 0.852344 -0.421875
v -0.609375 0.844531 -0.421875
v -0.796875 0.858594 -0.421875
v -0.703125 0.858594 -0.421875
v -0.671366 0.858627 -0.427718
v -0.656250 0.852344 -0.421875
v -0.663777 0.858706 -0.421919
v -0.632812 0.852344 -0.421875
v -0.625000 0.852344 -0.421875
v -0.609375 0.858594 -0.421875
v -0.601562 0.852344 -0.421875
v -0.593737 0.851884 -0.421309
v -0.578125 0.852344 -0.421875
v -0.571094 0.859375 -0.421875
v -0.117187 0.852344 -0.421875
v -0.109375 0.852344 -0.421875
v -0.101562 0.852344 -0.421875
v -0.656250 0.866406 -0.429687
v -0.618811 0.866406 -0.426542
v -0.601562 0.866406 -0.421875
v -0.593750 0.866406 -0.421875
v -0.578125 0.866406 -0.421875
v -0.155576 0.867173 -0.429460
v -0.156250 0.860156 -0.421875
v -0.148438 0.860156 -0.421875
v -0.140625 0.867188 -0.421094
v -0.132812 0.860156 -0.421875
v -0.125000 0.860156 -0.421875
v -0.117187 0.866406 -0.421875
v -0.104468 0.867558 -0.422917
v -0.265242 0.874963 -0.422445
v -0.256359 0.867969 -0.417151
v -0.250000 0.875000 -0.428906
v -0.241738 0.874988 -0.429238
v -0.245356 0.867969 -0.419690
v -0.218750 0.867969 -0.421875
v -0.164062 0.867969 -0.421875
v -0.148652 0.874350 -0.421948
v -0.125000 0.874219 -0.421875
v -0.288281 0.882813 -0.429687
v -0.273438 0.875781 -0.421875
v -0.265570 0.882591 -0.421267
v -0.242048 0.882090 -0.421903
v -0.242969 0.882812 -0.421875
v -0.226630 0.882124 -0.422060
v -0.211719 0.882812 -0.421875
v -0.156250 0.882031 -0.421875
v -0.273438 0.889844 -0.421875
v -0.250000 0.889844 -0.429688
v -0.218750 0.889844 -0.421875
v 0.819531 -0.296875 -0.414062
v 0.805469 -0.285156 -0.410156
v 0.827344 -0.273437 -0.414062
v 0.805469 -0.265625 -0.414062
v 0.813281 -0.257812 -0.414062
v 0.819573 -0.265599 -0.413923
v 0.820180 -0.257842 -0.421094
v 0.827344 -0.257812 -0.414062
v -0.445312 0.140625 -0.421094
v -0.452344 0.140625 -0.414062
v -0.441406 0.132392 -0.414062
v -0.430469 0.140625 -0.414062
v -0.445312 0.147656 -0.414062
v -0.437500 0.148005 -0.414495
v -0.429688 0.148438 -0.414844
v 0.507812 0.344531 -0.414063
v 0.514844 0.351562 -0.414063
v 0.507031 0.359375 -0.414062
v 0.500000 0.366406 -0.421875
v 0.765625 0.375000 -0.421094
v 0.765625 0.366767 -0.410156
v 0.757392 0.375000 -0.410156
v 0.765625 0.382031 -0.414062
v -0.804688 0.844531 -0.414062
v -0.811719 0.851562 -0.414062
v -0.710937 0.844531 -0.414062
v -0.679196 0.851553 -0.421259
v -0.679688 0.844531 -0.414062
v -0.671875 0.844531 -0.414062
v -0.656250 0.844531 -0.414063
v -0.648437 0.844531 -0.414062
v -0.632812 0.844531 -0.414062
v -0.625000 0.844531 -0.414062
v -0.609375 0.852344 -0.414063
v -0.593750 0.844531 -0.414062
v -0.585938 0.851562 -0.421094
v -0.585938 0.844531 -0.414062
v -0.578519 0.851573 -0.413527
v -0.804688 0.858594 -0.414062
v -0.710938 0.858594 -0.414062
v -0.685673 0.858804 -0.416864
v -0.679688 0.858594 -0.414062
v -0.671875 0.858594 -0.414062
v -0.663623 0.858882 -0.406077
v -0.640625 0.852344 -0.414063
v -0.625000 0.858594 -0.414062
v -0.625000 0.866406 -0.421875
v -0.617187 0.852344 -0.414062
v -0.601602 0.859166 -0.414039
v -0.585959 0.859346 -0.421742
v -0.578194 0.859246 -0.413930
v -0.570220 0.852042 -0.413677
v -0.570312 0.859375 -0.421094
v -0.562891 0.859375 -0.413672
v -0.148437 0.852344 -0.414063
v -0.140625 0.860156 -0.414062
v -0.117188 0.852344 -0.414062
v -0.109756 0.859393 -0.414714
v -0.101562 0.859375 -0.414844
v -0.632813 0.866406 -0.414062
v -0.617187 0.866406 -0.414062
v -0.609375 0.866406 -0.414063
v -0.593750 0.866406 -0.414062
v -0.585938 0.866406 -0.414062
v -0.570312 0.866406 -0.414062
v -0.156250 0.860156 -0.414063
v -0.148438 0.859375 -0.407031
v -0.148453 0.866700 -0.414444
v -0.132775 0.866970 -0.414556
v -0.125000 0.860156 -0.414062
v -0.110156 0.867188 -0.414063
v -0.265266 0.875446 -0.414002
v -0.234375 0.867969 -0.421875
v -0.242188 0.867969 -0.414063
v -0.226562 0.867969 -0.414063
v -0.226563 0.875781 -0.421875
v -0.210938 0.867969 -0.414062
v -0.203906 0.875000 -0.414062
v -0.171094 0.875000 -0.414062
v -0.149219 0.875000 -0.414062
v -0.140625 0.874219 -0.414062
v -0.125000 0.874219 -0.414062
v -0.117188 0.874219 -0.414062
v -0.234375 0.875781 -0.414062
v -0.226562 0.882812 -0.421094
v -0.218750 0.882031 -0.414062
v -0.210938 0.882031 -0.414062
v -0.164062 0.882031 -0.414062
v -0.156250 0.882031 -0.414062
v -0.234375 0.889844 -0.421875
v -0.226563 0.889844 -0.414062
v 0.828125 -0.507031 -0.406250
v 0.821094 -0.500000 -0.406250
v 0.828125 -0.500000 -0.413281
v 0.835298 -0.499986 -0.406010
v 0.843750 -0.492188 -0.413281
v 0.843750 -0.499219 -0.406250
v 0.836719 -0.492188 -0.406250
v 0.850781 -0.492188 -0.406250
v 0.843750 -0.485156 -0.406250
v 0.821094 -0.476562 -0.406250
v 0.835156 -0.476562 -0.406250
v 0.828125 -0.476563 -0.413281
v 0.835938 -0.453125 -0.413281
v 0.835937 -0.460156 -0.406250
v 0.842969 -0.453125 -0.406250
v 0.828125 -0.445312 -0.413281
v 0.821094 -0.445312 -0.406250
v 0.835938 -0.445312 -0.413281
v 0.842969 -0.445312 -0.406250
v 0.828125 -0.438281 -0.406250
v 0.835937 -0.398437 -0.413281
v 0.828906 -0.398438 -0.406250
v 0.842969 -0.398437 -0.406250
v 0.835938 -0.367188 -0.413281
v 0.828906 -0.367188 -0.406250
v 0.842969 -0.367188 -0.406250
v 0.835742 -0.353613 -0.413867
v 0.831500 -0.355516 -0.412702
v 0.821094 -0.351562 -0.406250
v 0.842969 -0.351562 -0.406250
v 0.820312 -0.343750 -0.413281
v 0.835156 -0.343750 -0.406250
v 0.821094 -0.335937 -0.406250
v 0.827449 -0.337887 -0.413274
v 0.820312 -0.328125 -0.413281
v 0.813281 -0.328125 -0.406250
v 0.835156 -0.328125 -0.406250
v 0.820312 -0.320312 -0.413281
v 0.828125 -0.328125 -0.413281
v 0.821094 -0.312500 -0.406250
v 0.828125 -0.312500 -0.413281
v 0.835156 -0.312500 -0.406250
v 0.820312 -0.304688 -0.413281
v 0.828125 -0.305469 -0.406250
v 0.812500 -0.303906 -0.406250
v 0.819531 -0.296875 -0.406250
v 0.819531 -0.282703 -0.417151
v 0.820312 -0.273438 -0.407031
v 0.819531 -0.265625 -0.406250
v 0.813401 -0.257719 -0.406223
v 0.827344 -0.257812 -0.406250
v 0.820312 -0.250781 -0.414063
v 0.813281 -0.250000 -0.406250
v 0.827344 -0.250000 -0.406250
v 0.820312 -0.242969 -0.406250
v 0.812500 -0.163281 -0.406250
v 0.805469 -0.156250 -0.406250
v 0.819531 -0.156250 -0.406250
v 0.812500 -0.156250 -0.413281
v 0.805469 -0.140625 -0.406250
v 0.812500 -0.140625 -0.413281
v 0.819531 -0.140625 -0.406250
v 0.812500 -0.133594 -0.406250
v -0.441406 0.140625 -0.405829
v 0.500000 0.344531 -0.406250
v 0.492969 0.351562 -0.406250
v 0.507812 0.344531 -0.406250
v 0.514844 0.351562 -0.406250
v 0.492969 0.359375 -0.414062
v 0.500000 0.366406 -0.406250
v 0.773858 0.375000 -0.410156
v 0.765625 0.382031 -0.406250
v -0.804688 0.844531 -0.406250
v -0.811719 0.851562 -0.406250
v -0.717969 0.851562 -0.414063
v -0.695312 0.844531 -0.406250
v -0.687500 0.851562 -0.407031
v -0.679688 0.844531 -0.406250
v -0.671875 0.851562 -0.407031
v -0.664062 0.844531 -0.406250
v -0.663906 0.851562 -0.414063
v -0.648438 0.844531 -0.406250
v -0.640625 0.844531 -0.406250
v -0.632813 0.844531 -0.406250
v -0.601562 0.851562 -0.413281
v -0.601562 0.844531 -0.406250
v -0.609375 0.852344 -0.406250
v -0.593750 0.844531 -0.406250
v -0.586224 0.851838 -0.406778
v -0.578125 0.844531 -0.406250
v -0.570312 0.844531 -0.406250
v -0.562786 0.852150 -0.406358
v -0.811719 0.859375 -0.406250
v -0.796875 0.858594 -0.414063
v -0.695312 0.858594 -0.398437
v -0.695312 0.858594 -0.406250
v -0.679688 0.858594 -0.406250
v -0.648438 0.866406 -0.414063
v -0.648437 0.858594 -0.406250
v -0.640625 0.866406 -0.406250
v -0.625000 0.866406 -0.406250
v -0.625000 0.852344 -0.406250
v -0.586012 0.859122 -0.406340
v -0.570312 0.858594 -0.406250
v -0.547656 0.859375 -0.398437
v -0.132812 0.852344 -0.406250
v -0.117187 0.852344 -0.406250
v -0.110156 0.859375 -0.406250
v -0.804688 0.866406 -0.406250
v -0.796875 0.866406 -0.406250
v -0.656250 0.866406 -0.406250
v -0.609375 0.866406 -0.406250
v -0.601562 0.866406 -0.406250
v -0.593750 0.866406 -0.406250
v -0.578125 0.866406 -0.406250
v -0.562500 0.866406 -0.406250
v -0.161415 0.873666 -0.405826
v -0.140625 0.860156 -0.406250
v -0.147656 0.867188 -0.406250
v -0.132812 0.859375 -0.413281
v -0.125000 0.860156 -0.406250
v -0.117188 0.866406 -0.406250
v -0.265625 0.867969 -0.406250
v -0.250000 0.867969 -0.406250
v -0.242635 0.875068 -0.406182
v -0.241406 0.875000 -0.406250
v -0.234375 0.867969 -0.406250
v -0.218750 0.867969 -0.406250
v -0.211472 0.874993 -0.406250
v -0.156250 0.875000 -0.407031
v -0.125000 0.874219 -0.406250
v -0.272656 0.882812 -0.414062
v -0.280469 0.882812 -0.406250
v -0.265625 0.889844 -0.414063
v -0.265625 0.882031 -0.406250
v -0.242069 0.882055 -0.414086
v -0.211719 0.882813 -0.406250
v -0.273438 0.889844 -0.406250
v -0.257812 0.889844 -0.406250
v -0.250000 0.889844 -0.410156
v -0.218750 0.889844 -0.406250
v 0.835938 -0.515625 -0.405469
v 0.835938 -0.523858 -0.394531
v 0.828906 -0.515625 -0.398438
v 0.842969 -0.515625 -0.398438
v 0.835938 -0.507812 -0.405469
v 0.828906 -0.507812 -0.398437
v 0.842969 -0.500000 -0.398438
v 0.821094 -0.492188 -0.398438
v 0.835156 -0.492188 -0.398438
v 0.843750 -0.492188 -0.399219
v 0.835156 -0.468750 -0.398437
v 0.828125 -0.468750 -0.405469
v 0.821173 -0.468734 -0.398498
v 0.828125 -0.460938 -0.405469
v 0.835156 -0.460938 -0.398438
v 0.828125 -0.453125 -0.405469
v 0.821094 -0.453125 -0.398438
v 0.835156 -0.453125 -0.398438
v 0.828495 -0.445504 -0.398850
v 0.842969 -0.445312 -0.398438
v 0.828906 -0.437500 -0.398438
v 0.842969 -0.437500 -0.398438
v 0.835903 -0.437901 -0.405710
v 0.828906 -0.406250 -0.398437
v 0.842969 -0.419922 -0.398438
v 0.835937 -0.406250 -0.405469
v 0.842969 -0.406250 -0.398438
v 0.836315 -0.389197 -0.404695
v 0.829313 -0.383961 -0.398110
v 0.828125 -0.375000 -0.405469
v 0.821094 -0.375000 -0.398437
v 0.835938 -0.375000 -0.405469
v 0.842969 -0.375000 -0.398437
v 0.828125 -0.367969 -0.398438
v 0.835819 -0.367631 -0.398972
v 0.828125 -0.366406 -0.398437
v 0.821094 -0.359375 -0.398438
v 0.835938 -0.359375 -0.399219
v 0.821094 -0.343750 -0.398437
v 0.835156 -0.351562 -0.398437
v 0.813281 -0.343750 -0.406250
v 0.821094 -0.328125 -0.398437
v 0.813281 -0.320313 -0.406250
v 0.821094 -0.320312 -0.398438
v 0.835156 -0.320312 -0.398438
v 0.821094 -0.312500 -0.398438
v 0.835156 -0.312500 -0.398438
v 0.820312 -0.304688 -0.399219
v 0.812577 -0.304102 -0.398103
v 0.805469 -0.296875 -0.398438
v 0.819531 -0.296875 -0.398437
v 0.805469 -0.289062 -0.390625
v 0.819531 -0.273438 -0.406250
v 0.805469 -0.265625 -0.406250
v 0.819613 -0.273181 -0.398536
v 0.827344 -0.265625 -0.398438
v 0.820312 -0.242969 -0.398438
v 0.812500 -0.156250 -0.399219
v 0.812500 -0.140625 -0.399219
v 0.500000 0.344531 -0.398438
v 0.507031 0.351563 -0.398438
v 0.507031 0.359375 -0.406250
v 0.500000 0.366406 -0.390625
v 0.765625 0.375000 -0.399219
v -0.812500 0.844531 -0.398438
v -0.819531 0.851562 -0.398437
v -0.796875 0.844531 -0.398438
v -0.788746 0.851638 -0.397516
v -0.734375 0.851562 -0.405469
v -0.734375 0.844531 -0.398438
v -0.741406 0.851562 -0.398438
v -0.726563 0.851563 -0.405469
v -0.726562 0.844531 -0.398438
v -0.702344 0.851563 -0.398438
v -0.695312 0.844531 -0.398437
v -0.687500 0.851562 -0.397656
v -0.679688 0.844531 -0.398438
v -0.671875 0.851562 -0.397656
v -0.664062 0.844531 -0.398437
v -0.648438 0.844531 -0.398438
v -0.625000 0.844531 -0.398437
v -0.617188 0.851562 -0.405469
v -0.617188 0.844531 -0.398438
v -0.610156 0.851562 -0.398438
v -0.593750 0.844531 -0.398437
v -0.570313 0.844531 -0.398438
v -0.563281 0.851562 -0.398438
v -0.811719 0.859375 -0.398437
v -0.789428 0.859400 -0.405627
v -0.773438 0.859375 -0.405469
v -0.773438 0.852344 -0.398438
v -0.766406 0.859375 -0.398438
v -0.734375 0.858594 -0.398438
v -0.726562 0.858594 -0.398438
v -0.679688 0.858594 -0.398438
v -0.664062 0.858594 -0.398438
v -0.648438 0.866406 -0.398437
v -0.601562 0.852344 -0.398438
v -0.586157 0.852265 -0.398453
v -0.577752 0.851932 -0.398643
v -0.555201 0.852393 -0.397340
v -0.148437 0.852344 -0.398437
v -0.132812 0.852344 -0.398438
v -0.140619 0.860131 -0.398425
v -0.125000 0.852344 -0.398438
v -0.117188 0.852344 -0.398438
v -0.110156 0.859375 -0.398438
v -0.804687 0.866406 -0.390625
v -0.781250 0.866406 -0.398438
v -0.773438 0.866406 -0.398438
v -0.617187 0.866406 -0.398437
v -0.585938 0.866406 -0.398438
v -0.578125 0.866406 -0.398438
v -0.554688 0.866406 -0.398438
v -0.156250 0.867188 -0.405469
v -0.163281 0.867187 -0.398437
v -0.148438 0.859375 -0.405469
v -0.147656 0.867188 -0.398438
v -0.132806 0.866313 -0.406344
v -0.125439 0.866552 -0.398191
v -0.117188 0.866406 -0.398438
v -0.257812 0.867969 -0.398438
v -0.242188 0.867969 -0.398438
v -0.210938 0.867969 -0.398438
v -0.203906 0.875000 -0.398438
v -0.156250 0.874219 -0.398438
v -0.139648 0.874382 -0.403158
v -0.132812 0.874219 -0.398438
v -0.272656 0.882813 -0.398437
v -0.265625 0.875781 -0.398437
v -0.257813 0.875000 -0.391406
v -0.257623 0.882547 -0.398877
v -0.242244 0.882036 -0.398451
v -0.218750 0.882031 -0.398437
v -0.210938 0.882031 -0.398438
v -0.265625 0.889844 -0.398437
v -0.250000 0.889844 -0.398438
v -0.226562 0.889844 -0.398438
v 0.828906 -0.515625 -0.390625
v 0.821094 -0.507812 -0.390625
v 0.842969 -0.515625 -0.390625
v 0.842969 -0.507812 -0.398437
v 0.828125 -0.507812 -0.383594
v 0.842969 -0.500000 -0.390625
v 0.828906 -0.500000 -0.390625
v 0.842969 -0.492188 -0.390625
v 0.829088 -0.492248 -0.390504
v 0.828125 -0.484375 -0.383594
v 0.821094 -0.484375 -0.390625
v 0.821094 -0.476562 -0.390625
v 0.835156 -0.484375 -0.390625
v 0.813281 -0.468750 -0.390625
v 0.821094 -0.453125 -0.390625
v 0.835156 -0.453125 -0.390625
v 0.828906 -0.445312 -0.390625
v 0.828906 -0.437500 -0.390625
v 0.842969 -0.445313 -0.390625
v 0.828906 -0.421875 -0.390625
v 0.828906 -0.414062 -0.390625
v 0.820312 -0.406250 -0.397656
v 0.820312 -0.413281 -0.390625
v 0.813281 -0.406250 -0.390625
v 0.827344 -0.406250 -0.390625
v 0.828906 -0.406250 -0.390625
v 0.842969 -0.406250 -0.390625
v 0.820312 -0.399219 -0.390625
v 0.828906 -0.398438 -0.390625
v 0.842969 -0.390625 -0.398438
v 0.828906 -0.375000 -0.390625
v 0.835938 -0.367969 -0.390625
v 0.827344 -0.359375 -0.390625
v 0.813281 -0.359375 -0.390625
v 0.827344 -0.351563 -0.390625
v 0.813281 -0.343750 -0.390625
v 0.835156 -0.343750 -0.390625
v 0.821094 -0.335937 -0.390625
v 0.820766 -0.328235 -0.390141
v 0.835156 -0.320313 -0.390625
v 0.812500 -0.327344 -0.390625
v 0.804323 -0.317417 -0.389569
v 0.821094 -0.320312 -0.390625
v 0.812500 -0.320313 -0.397656
v 0.819623 -0.313910 -0.391215
v 0.828125 -0.305469 -0.398437
v 0.805469 -0.304688 -0.390625
v 0.805469 -0.281250 -0.390625
v 0.819531 -0.281250 -0.390625
v 0.812500 -0.273437 -0.391406
v 0.820312 -0.272656 -0.390625
v 0.813281 -0.265625 -0.390625
v 0.827344 -0.265625 -0.390625
v 0.813131 -0.248128 -0.393406
v 0.827545 -0.249483 -0.392420
v 0.813281 -0.242188 -0.390625
v 0.827344 -0.242188 -0.390625
v 0.820312 -0.235156 -0.390625
v 0.805469 -0.164062 -0.390625
v 0.819531 -0.164062 -0.390625
v 0.500000 0.344531 -0.390625
v 0.492969 0.351562 -0.390625
v 0.507812 0.344531 -0.390625
v 0.514844 0.351562 -0.390625
v 0.492969 0.359375 -0.390625
v 0.507031 0.359375 -0.390625
v 0.781250 0.367188 -0.397656
v 0.781250 0.360156 -0.390625
v 0.774219 0.367188 -0.390625
v 0.788281 0.367188 -0.390625
v 0.781250 0.374219 -0.390625
v -0.812500 0.844531 -0.390625
v -0.796875 0.844531 -0.390625
v -0.782031 0.851563 -0.390625
v -0.734375 0.844531 -0.390625
v -0.741406 0.851562 -0.390625
v -0.711719 0.851562 -0.390625
v -0.703125 0.844531 -0.390625
v -0.710156 0.851563 -0.390625
v -0.695313 0.851562 -0.390625
v -0.687500 0.844531 -0.390625
v -0.671875 0.844531 -0.390625
v -0.640625 0.844531 -0.390625
v -0.632812 0.844531 -0.390625
v -0.625119 0.851527 -0.391332
v -0.617188 0.844531 -0.390625
v -0.609574 0.851444 -0.390050
v -0.601562 0.844531 -0.390625
v -0.585938 0.844531 -0.390625
v -0.578125 0.844531 -0.390625
v -0.140625 0.844531 -0.390625
v -0.819531 0.851563 -0.390625
v -0.781906 0.859286 -0.390941
v -0.773438 0.859375 -0.391406
v -0.734375 0.858594 -0.390625
v -0.718750 0.858594 -0.390625
v -0.687500 0.858594 -0.390625
v -0.671875 0.858594 -0.390625
v -0.664062 0.858594 -0.390625
v -0.656250 0.858594 -0.398438
v -0.640625 0.858594 -0.390625
v -0.632906 0.858723 -0.390806
v -0.625000 0.859375 -0.391406
v -0.617223 0.858695 -0.390850
v -0.609363 0.859363 -0.398976
v -0.601562 0.858594 -0.390625
v -0.578033 0.858633 -0.390625
v -0.570692 0.851924 -0.390791
v -0.562500 0.852344 -0.390625
v -0.562621 0.859331 -0.398468
v -0.547656 0.859375 -0.390625
v -0.148437 0.852344 -0.390625
v -0.140625 0.851562 -0.397656
v -0.140878 0.859650 -0.389959
v -0.139844 0.859375 -0.390625
v -0.132812 0.852344 -0.390625
v -0.125608 0.859375 -0.391059
v -0.117188 0.859375 -0.391406
v -0.787617 0.866523 -0.396805
v -0.656250 0.866406 -0.390625
v -0.593750 0.866406 -0.390625
v -0.585938 0.866406 -0.390625
v -0.570312 0.866406 -0.398438
v -0.570313 0.874219 -0.390625
v -0.554688 0.866406 -0.390625
v -0.125781 0.867188 -0.390625
v -0.249857 0.875507 -0.390967
v -0.241610 0.875068 -0.391067
v -0.226562 0.867969 -0.398437
v -0.234375 0.867969 -0.390625
v -0.218750 0.867969 -0.390625
v -0.211719 0.875000 -0.390625
v -0.156250 0.874219 -0.390625
v -0.148437 0.874219 -0.390625
v -0.132812 0.874219 -0.390625
v -0.265625 0.875781 -0.390625
v -0.272656 0.882812 -0.390625
v -0.258594 0.882812 -0.390625
v -0.243464 0.883254 -0.384222
v -0.226563 0.876983 -0.386719
v -0.218750 0.882031 -0.390625
v -0.250000 0.889844 -0.382812
v 0.835938 -0.515625 -0.383594
v 0.835938 -0.500000 -0.383594
v 0.835938 -0.492188 -0.383594
v 0.828125 -0.468750 -0.383594
v 0.820312 -0.475781 -0.382812
v 0.813281 -0.468750 -0.382812
v 0.820313 -0.468750 -0.375781
v 0.813281 -0.460938 -0.382812
v 0.828125 -0.460937 -0.383594
v 0.820312 -0.453906 -0.382812
v 0.828125 -0.453125 -0.383594
v 0.821094 -0.445313 -0.382813
v 0.835937 -0.445312 -0.383594
v 0.828125 -0.438281 -0.382812
v 0.835938 -0.437500 -0.383594
v 0.835938 -0.421875 -0.383594
v 0.828125 -0.421094 -0.382812
v 0.821094 -0.414062 -0.382812
v 0.835937 -0.414062 -0.383594
v 0.820312 -0.406250 -0.383594
v 0.828125 -0.407031 -0.382812
v 0.835937 -0.406250 -0.383594
v 0.828125 -0.405469 -0.382812
v 0.821094 -0.398438 -0.382813
v 0.828666 -0.390894 -0.390291
v 0.821094 -0.390625 -0.382812
v 0.842969 -0.398438 -0.382812
v 0.820312 -0.382812 -0.389844
v 0.813281 -0.382812 -0.382813
v 0.828740 -0.383286 -0.382839
v 0.820313 -0.375781 -0.382813
v 0.828906 -0.375000 -0.382812
v 0.842969 -0.375000 -0.382813
v 0.821094 -0.367188 -0.382812
v 0.835374 -0.367548 -0.382816
v 0.820312 -0.366406 -0.390625
v 0.827504 -0.366220 -0.389879
v 0.821094 -0.359375 -0.382813
v 0.813281 -0.351562 -0.382812
v 0.828125 -0.351562 -0.389844
v 0.835156 -0.351562 -0.382812
v 0.820312 -0.343750 -0.375781
v 0.813281 -0.335937 -0.382812
v 0.827734 -0.335938 -0.383203
v 0.813064 -0.327764 -0.382816
v 0.828125 -0.328125 -0.383594
v 0.805469 -0.320312 -0.382812
v 0.819973 -0.320936 -0.382688
v 0.828125 -0.320312 -0.383594
v 0.812500 -0.312500 -0.383594
v 0.812500 -0.304688 -0.383594
v 0.820312 -0.311719 -0.382812
v 0.819531 -0.304688 -0.390625
v 0.827344 -0.304687 -0.382812
v 0.805469 -0.296875 -0.382812
v 0.812500 -0.289063 -0.383594
v 0.819531 -0.296875 -0.382813
v 0.819531 -0.289062 -0.390625
v 0.827344 -0.289062 -0.382812
v 0.812500 -0.281250 -0.383594
v 0.820312 -0.282031 -0.382812
v 0.813281 -0.273438 -0.382813
v 0.820312 -0.280469 -0.382812
v 0.827344 -0.273437 -0.382812
v 0.813281 -0.257812 -0.382812
v 0.827344 -0.257812 -0.382812
v 0.820312 -0.250000 -0.383594
v 0.820312 -0.242187 -0.375781
v 0.813281 -0.242188 -0.382812
v 0.827344 -0.242188 -0.382812
v 0.812500 -0.234375 -0.389844
v 0.805469 -0.234375 -0.382812
v 0.820313 -0.235156 -0.382812
v 0.812500 -0.227344 -0.382812
v 0.812500 -0.178906 -0.382813
v 0.805469 -0.171875 -0.382813
v 0.819531 -0.171875 -0.382813
v 0.812500 -0.164063 -0.397656
v 0.805469 -0.156250 -0.382812
v 0.819531 -0.156250 -0.382812
v 0.812500 -0.149219 -0.382812
v 0.812500 -0.139844 -0.382812
v 0.805469 -0.132812 -0.382812
v 0.819531 -0.132812 -0.382812
v 0.812500 -0.128906 -0.391046
v 0.805469 -0.125000 -0.382812
v 0.819531 -0.125000 -0.382812
v 0.812500 -0.117969 -0.382812
v 0.789062 0.055469 -0.382812
v 0.782031 0.062500 -0.382812
v 0.796094 0.062500 -0.382812
v 0.789062 0.066406 -0.391046
v 0.782031 0.070312 -0.382812
v 0.796094 0.070312 -0.382812
v 0.789062 0.077344 -0.382812
v 0.500000 0.351562 -0.383594
v 0.507812 0.351562 -0.383594
v 0.500000 0.359375 -0.383594
v 0.781250 0.367188 -0.383594
v 0.765625 0.429267 -0.378906
v 0.758594 0.437500 -0.382812
v 0.772656 0.437500 -0.382812
v 0.781250 0.437500 -0.389844
v 0.781250 0.429267 -0.378906
v 0.773017 0.437500 -0.378906
v 0.765625 0.437500 -0.389844
v 0.758594 0.453125 -0.382813
v 0.781250 0.444531 -0.382812
v 0.765625 0.453125 -0.389844
v 0.772656 0.453125 -0.382812
v 0.773438 0.467969 -0.382813
v 0.781250 0.468750 -0.389844
v 0.780469 0.460938 -0.382812
v 0.788281 0.468750 -0.382812
v 0.781250 0.475781 -0.382812
v 0.773438 0.492188 -0.389844
v 0.773438 0.485156 -0.382812
v 0.766406 0.492188 -0.382812
v 0.780469 0.492188 -0.382812
v 0.773438 0.499219 -0.382812
v 0.765625 0.507812 -0.389844
v 0.758594 0.507812 -0.382812
v 0.773438 0.507812 -0.389844
v 0.769531 0.499579 -0.382812
v 0.773437 0.522656 -0.382812
v 0.773438 0.515625 -0.389844
v 0.781671 0.511719 -0.382812
v 0.765625 0.703125 -0.389844
v 0.765625 0.696094 -0.382812
v 0.772656 0.703125 -0.382812
v 0.765625 0.710156 -0.382812
v -0.812500 0.851563 -0.383594
v -0.796875 0.851562 -0.383594
v -0.789062 0.844531 -0.382812
v -0.781250 0.844531 -0.382812
v -0.774219 0.851562 -0.382812
v -0.742188 0.844531 -0.382812
v -0.749219 0.851562 -0.382812
v -0.734375 0.844531 -0.382812
v -0.727344 0.851562 -0.382812
v -0.718807 0.844758 -0.388842
v -0.726326 0.851586 -0.391406
v -0.710938 0.851562 -0.382031
v -0.703125 0.844531 -0.382812
v -0.695312 0.844531 -0.382812
v -0.679688 0.844531 -0.382812
v -0.671875 0.844531 -0.382812
v -0.656250 0.844531 -0.390625
v -0.648469 0.851812 -0.390625
v -0.648438 0.844531 -0.382812
v -0.632812 0.844531 -0.382812
v -0.624882 0.851785 -0.382251
v -0.617188 0.844531 -0.382812
v -0.609375 0.844531 -0.382812
v -0.593750 0.844531 -0.390625
v -0.601563 0.844531 -0.382813
v -0.585938 0.844531 -0.382813
v -0.578125 0.844531 -0.382812
v -0.570312 0.844531 -0.382812
v -0.562500 0.844531 -0.382812
v -0.140678 0.852247 -0.382636
v -0.804687 0.859375 -0.383594
v -0.789062 0.851562 -0.375781
v -0.782031 0.859375 -0.382812
v -0.742188 0.858594 -0.382812
v -0.734375 0.858594 -0.382812
v -0.718171 0.859462 -0.378328
v -0.702611 0.858544 -0.389527
v -0.695312 0.858594 -0.382812
v -0.676836 0.858946 -0.381091
v -0.656250 0.858594 -0.382812
v -0.649047 0.858945 -0.390646
v -0.609375 0.858594 -0.382812
v -0.601562 0.858594 -0.382812
v -0.593750 0.852344 -0.382812
v -0.585938 0.858594 -0.382813
v -0.554688 0.852344 -0.382812
v -0.132812 0.852344 -0.382812
v -0.796875 0.866406 -0.382812
v -0.789062 0.866406 -0.382812
v -0.648437 0.866406 -0.382812
v -0.632812 0.866406 -0.382812
v -0.593750 0.866406 -0.382812
v -0.578125 0.866406 -0.382812
v -0.570312 0.866406 -0.382812
v -0.577344 0.867188 -0.390625
v -0.562500 0.866406 -0.390625
v -0.554688 0.866406 -0.382812
v -0.546875 0.866406 -0.382812
v -0.163281 0.867187 -0.390625
v -0.155469 0.867188 -0.382812
v -0.147991 0.859672 -0.382925
v -0.125781 0.859375 -0.382812
v -0.554687 0.874219 -0.375000
v -0.234375 0.867969 -0.382812
v -0.218750 0.867969 -0.382813
v -0.211719 0.875000 -0.382812
v -0.148438 0.874219 -0.382812
v -0.140625 0.874219 -0.382813
v -0.273438 0.875781 -0.382812
v -0.280469 0.882812 -0.382812
v -0.265625 0.875781 -0.382812
v -0.258594 0.882812 -0.382812
v -0.250000 0.875781 -0.375000
v -0.257031 0.882812 -0.375000
v -0.219531 0.882813 -0.382812
v -0.273438 0.889844 -0.382812
v -0.266216 0.890589 -0.384586
v -0.234375 0.889844 -0.382812
v 0.820312 -0.460938 -0.375781
v 0.828125 -0.445312 -0.375781
v 0.828125 -0.414062 -0.375781
v 0.828125 -0.398438 -0.375781
v 0.835937 -0.398437 -0.375781
v 0.828125 -0.390625 -0.375781
v 0.820312 -0.382812 -0.375781
v 0.836822 -0.376782 -0.376110
v 0.828125 -0.367188 -0.375781
v 0.827546 -0.354890 -0.374913
v 0.820312 -0.351562 -0.375781
v 0.820312 -0.328125 -0.375781
v 0.812500 -0.320312 -0.375781
v 0.820312 -0.304688 -0.375781
v 0.812500 -0.296875 -0.375781
v 0.820312 -0.289062 -0.375781
v 0.820312 -0.273438 -0.375781
v 0.820313 -0.257812 -0.375781
v 0.812500 -0.234375 -0.375781
v 0.812500 -0.171875 -0.375781
v 0.812500 -0.156250 -0.375781
v 0.812500 -0.128906 -0.374579
v 0.789062 0.066406 -0.374579
v 0.772656 0.437500 -0.375000
v 0.789483 0.437500 -0.378906
v 0.758594 0.437500 -0.375000
v 0.772656 0.453125 -0.375000
v 0.781250 0.444531 -0.375000
v 0.758594 0.453125 -0.375000
v 0.758594 0.460938 -0.375000
v 0.780469 0.460938 -0.375000
v 0.767623 0.468614 -0.374924
v 0.781250 0.468750 -0.375781
v 0.773438 0.492188 -0.375781
v 0.765625 0.507812 -0.375781
v 0.773438 0.507812 -0.375781
v 0.773438 0.515625 -0.375781
v 0.765625 0.609375 -0.382031
v 0.765625 0.602344 -0.375000
v 0.758594 0.609375 -0.375000
v 0.772656 0.609375 -0.375000
v 0.765625 0.616406 -0.375000
v 0.758594 0.664062 -0.375000
v 0.765625 0.664062 -0.382031
v 0.781250 0.679688 -0.382031
v 0.765625 0.657031 -0.375000
v 0.788281 0.679687 -0.375000
v 0.765625 0.687500 -0.382031
v 0.758594 0.687500 -0.375000
v 0.773438 0.687500 -0.382031
v 0.780469 0.687500 -0.375000
v 0.766345 0.695489 -0.375001
v 0.773438 0.695312 -0.382031
v 0.780469 0.695312 -0.375000
v 0.757392 0.703125 -0.378906
v 0.772656 0.703125 -0.375000
v 0.765625 0.710156 -0.375000
v 0.773438 0.710938 -0.382031
v 0.780469 0.710937 -0.375000
v 0.773438 0.717969 -0.375000
v -0.781250 0.851562 -0.375781
v -0.738281 0.851562 -0.374579
v -0.718750 0.844531 -0.375000
v -0.711388 0.844231 -0.373122
v -0.703125 0.844531 -0.375000
v -0.695312 0.851562 -0.375781
v -0.687500 0.844531 -0.375000
v -0.687500 0.851562 -0.382812
v -0.679688 0.844531 -0.375000
v -0.664062 0.844531 -0.375000
v -0.648438 0.844531 -0.375000
v -0.640339 0.851855 -0.383146
v -0.632031 0.851562 -0.375000
v -0.625000 0.844531 -0.375000
v -0.617188 0.844531 -0.375000
v -0.601562 0.844531 -0.375000
v -0.593750 0.844531 -0.375000
v -0.585938 0.844531 -0.375000
v -0.570312 0.844531 -0.375000
v -0.140625 0.844531 -0.375000
v -0.147656 0.851562 -0.375000
v -0.133594 0.851562 -0.375000
v -0.796875 0.859375 -0.375781
v -0.789062 0.859375 -0.375781
v -0.710938 0.858594 -0.375000
v -0.687500 0.858594 -0.375000
v -0.679688 0.858594 -0.375000
v -0.664062 0.858594 -0.382813
v -0.640625 0.852344 -0.375000
v -0.632690 0.859230 -0.375049
v -0.625307 0.859512 -0.382203
v -0.617187 0.858594 -0.375000
v v -0.219531 0.875000 -0.375000
v -0.156250 0.874219 -0.375000
v -0.269531 0.882812 -0.374579
v -0.241727 0.882549 -0.382319
v -0.234375 0.875000 -0.375000
v -0.226562 0.889844 -0.375000
v 0.765625 0.437500 -0.367969
v 0.781250 0.437500 -0.367969
v 0.766216 0.459164 -0.367223
v 0.773438 0.460938 -0.367969
v 0.765625 0.609375 -0.367969
v 0.765625 0.664062 -0.367969
v 0.781250 0.679688 -0.367969
v 0.769531 0.691081 -0.367643
v 0.773438 0.695312 -0.367969
v 0.765625 0.703125 -0.367969
v 0.773438 0.710938 -0.367969
v -0.804688 0.843750 -0.374219
v -0.804688 0.836719 -0.367188
v -0.811719 0.843750 -0.367188
v -0.797656 0.843750 -0.367188
v -0.781250 0.844531 -0.367188
v -0.781250 0.851562 -0.374219
v -0.774219 0.851562 -0.367187
v -0.725781 0.851563 -0.375000
v -0.717969 0.851562 -0.367188
v -0.703125 0.844531 -0.367188
v -0.695312 0.851562 -0.366406
v -0.687500 0.844531 -0.367188
v -0.671991 0.851724 -0.375000
v -0.671875 0.844531 -0.367188
v -0.652344 0.844531 -0.359375
v -0.640625 0.844531 -0.367188
v -0.632129 0.853005 -0.367638
v -0.609375 0.844531 -0.367188
v -0.609513 0.851694 -0.374975
v -0.593750 0.844531 -0.367188
v -0.578125 0.844531 -0.367188
v -0.578125 0.851812 -0.375031
